1 0.000000 0.000000 0.000000 0.000000 2.352000e+00 -0.000000 0 0
11 0.000000 0.000000 0.000000 0.000000 5.942400e+00 0.002389 10 1.110000e+01
21 0.030368 0.005152 0.092308 0.005000 7.696800e+00 0.011543 20 2.730000e+01
31 0.051112 0.034556 0.164751 0.033333 9.170400e+00 0.026472 30 3.950000e+01
41 0.051036 0.041666 0.154678 0.040000 1.068000e+01 0.047619 40 5.520000e+01
51 0.149362 0.056792 0.337237 0.056000 1.224000e+01 0.074130 50 7.290000e+01
61 0.166936 0.079131 0.418583 0.078333 1.379040e+01 0.109280 60 8.720000e+01
71 0.167469 0.089285 0.408364 0.088571 1.531200e+01 0.148860 70 1.006000e+02
81 0.167447 0.095730 0.399352 0.095000 1.668000e+01 0.196246 80 1.133000e+02
91 0.167042 0.100645 0.393633 0.100000 1.815600e+01 0.246829 90 1.295000e+02
101 0.140344 0.105527 0.392229 0.105000 1.992480e+01 0.311873 100 1.424000e+02
111 0.138008 0.111494 0.386161 0.110909 2.158800e+01 0.380971 110 1.622000e+02
121 0.135331 0.114635 0.383093 0.114167 2.295360e+01 0.454356 120 1.699000e+02
131 0.127398 0.117414 0.380549 0.116923 2.433120e+01 0.526698 130 1.808000e+02
141 0.123727 0.119084 0.379044 0.118571 2.571840e+01 0.607000 140 1.917000e+02
151 0.127722 0.125096 0.374267 0.124667 2.710080e+01 0.697635 150 2.011000e+02
161 0.166870 0.131652 0.467740 0.131250 2.852880e+01 0.794893 160 2.097000e+02
171 0.165646 0.132794 0.465258 0.132353 3.003600e+01 0.897239 170 2.163000e+02
181 0.160467 0.133142 0.465457 0.132778 3.168960e+01 1.010324 180 2.319000e+02
191 0.161108 0.133505 0.464801 0.133158 3.335280e+01 1.132852 190 2.481000e+02
