1 0.000000 0.000000 0.000000 0.000000 2.352000e+00 -0.000000 0 0
11 0.000000 0.000000 0.000000 0.000000 6.000000e+00 0.002270 10 1.290000e+01
21 0.000000 0.000000 0.000000 0.000000 7.519200e+00 0.009791 20 28
31 0.000000 0.000000 0.000000 0.000000 8.788800e+00 0.022457 30 38
41 0.027445 0.002535 0.096970 0.002500 1.011600e+01 0.041596 40 5.040000e+01
51 0.027445 0.002022 0.096970 0.002000 1.169040e+01 0.064596 50 7.270000e+01
61 0.027445 0.001682 0.096970 0.001667 1.315680e+01 0.094977 60 8.360000e+01
71 0.027445 0.001440 0.096970 0.001429 1.467600e+01 0.129110 70 92
81 0.027445 0.001259 0.096970 0.001250 1.630320e+01 0.171793 80 1.044000e+02
91 0.027445 0.001118 0.096970 0.001111 1.754400e+01 0.211037 90 1.171000e+02
101 0.027445 0.001006 0.096970 0.001000 1.914480e+01 0.263041 100 1.319000e+02
111 0.051718 0.001836 0.196052 0.001818 2.057520e+01 0.319067 110 1.427000e+02
121 0.053051 0.002513 0.197343 0.002500 2.175840e+01 0.381079 120 156
131 0.053051 0.002319 0.197343 0.002308 2.284560e+01 0.440550 130 1.662000e+02
141 0.053051 0.002153 0.197343 0.002143 2.421360e+01 0.512256 140 1.808000e+02
151 0.053051 0.002008 0.197343 0.002000 2.560320e+01 0.587618 150 1.916000e+02
161 0.053051 0.001882 0.197343 0.001875 2.706000e+01 0.672530 160 2.017000e+02
171 0.053051 0.001771 0.197343 0.001765 2.844720e+01 0.755494 170 212
181 0.053051 0.001673 0.197343 0.001667 2.969280e+01 0.843209 180 2.229000e+02
191 0.053051 0.001584 0.197343 0.001579 3.107280e+01 0.941188 190 2.324000e+02
