1 0.000000 0.000000 0.000000 0.000000 2.352000e+00 -0.000000 0 0
11 0.036682 0.010205 0.087500 0.010000 5.985600e+00 0.002384 10 1.160000e+01
21 0.030619 0.010100 0.088889 0.010000 7.826400e+00 0.011345 20 3.240000e+01
31 0.030619 0.006711 0.088889 0.006667 9.717600e+00 0.027137 30 5.530000e+01
41 0.030619 0.005025 0.088889 0.005000 1.135200e+01 0.047999 40 6.830000e+01
51 0.057374 0.008026 0.191826 0.008000 1.288800e+01 0.073239 50 8.520000e+01
61 0.057374 0.006690 0.191826 0.006667 1.482000e+01 0.104959 60 1.089000e+02
71 0.057374 0.005731 0.191826 0.005714 1.657440e+01 0.144875 70 1.277000e+02
81 0.059217 0.006346 0.192192 0.006250 1.836720e+01 0.190365 80 1.463000e+02
91 0.059217 0.005568 0.192192 0.005556 1.989840e+01 0.237299 90 1.599000e+02
101 0.059217 0.005010 0.192192 0.005000 2.150880e+01 0.291742 100 174
111 0.100597 0.005465 0.291221 0.005455 2.310000e+01 0.352484 110 1.889000e+02
121 0.100597 0.005016 0.291221 0.005000 2.473680e+01 0.419679 120 2.049000e+02
131 0.100597 0.004623 0.291221 0.004615 2.637120e+01 0.488301 130 2.193000e+02
141 0.099832 0.005008 0.293124 0.005000 2.803680e+01 0.569378 140 2.391000e+02
151 0.099832 0.004673 0.293124 0.004667 2.958960e+01 0.649368 150 2.507000e+02
161 0.099832 0.004381 0.293124 0.004375 3.131520e+01 0.740758 160 2.629000e+02
171 0.139469 0.004713 0.392536 0.004706 3.290160e+01 0.829753 170 2.739000e+02
181 0.139469 0.004452 0.392536 0.004444 3.465840e+01 0.930571 180 2.872000e+02
191 0.139469 0.004217 0.392536 0.004211 3.596160e+01 1.032060 190 2.975000e+02
