1 0.000000 0.000000 0.000000 0.000000 2.352000e+00 -0.000000 0 0
11 0.000000 0.000000 0.000000 0.000000 6.086400e+00 0.002509 10 14
21 0.000000 0.000000 0.000000 0.000000 7.850400e+00 0.011821 20 2.930000e+01
31 0.000000 0.000000 0.000000 0.000000 9.686400e+00 0.027740 30 55
41 0.000000 0.000000 0.000000 0.000000 1.122000e+01 0.049243 40 6.730000e+01
51 0.000000 0.000000 0.000000 0.000000 1.283280e+01 0.076275 50 8.090000e+01
61 0.000000 0.000000 0.000000 0.000000 1.477200e+01 0.112107 60 1.019000e+02
71 0.051910 0.001440 0.098485 0.001429 1.668240e+01 0.155424 70 1.209000e+02
81 0.051910 0.001259 0.098485 0.001250 1.829520e+01 0.202436 80 136
91 0.051910 0.001118 0.098485 0.001111 1.983840e+01 0.253566 90 1.512000e+02
101 0.051910 0.001006 0.098485 0.001000 2.148000e+01 0.311052 100 1.701000e+02
111 0.051910 0.000914 0.098485 0.000909 2.325600e+01 0.380766 110 1.877000e+02
121 0.104963 0.001680 0.197637 0.001667 2.501280e+01 0.455832 120 2.046000e+02
131 0.123135 0.002315 0.296837 0.002308 2.663280e+01 0.527581 130 2.208000e+02
141 0.123135 0.002149 0.296837 0.002143 2.856000e+01 0.612406 140 2.455000e+02
151 0.123135 0.002006 0.296837 0.002000 3.036960e+01 0.706268 150 2.621000e+02
161 0.123135 0.001884 0.296837 0.001875 3.206160e+01 0.796070 160 2.799000e+02
171 0.123135 0.001769 0.296837 0.001765 3.372000e+01 0.891787 170 2.876000e+02
181 0.123135 0.001671 0.296837 0.001667 3.546000e+01 1.004379 180 307
191 0.108918 0.002110 0.296615 0.002105 3.726000e+01 1.122874 190 3.207000e+02
