1 0.000000 0.000000 0.000000 0.000000 2.352000e+00 -0.000000 0 0
11 0.027353 0.011068 0.088889 0.010000 6.165600e+00 0.002272 10 1.690000e+01
21 0.027353 0.005253 0.088889 0.005000 7.965600e+00 0.010837 20 3.240000e+01
31 0.027353 0.003444 0.088889 0.003333 9.609600e+00 0.024678 30 4.990000e+01
41 0.030309 0.005124 0.093939 0.005000 1.126560e+01 0.045416 40 6.470000e+01
51 0.060524 0.006097 0.191614 0.006000 1.280640e+01 0.070662 50 8.240000e+01
61 0.056056 0.006747 0.190431 0.006667 1.468320e+01 0.103552 60 1.022000e+02
71 0.056056 0.005773 0.190431 0.005714 1.632720e+01 0.143061 70 1.213000e+02
81 0.074746 0.007562 0.288421 0.007500 1.818960e+01 0.187311 80 1.439000e+02
91 0.076102 0.010045 0.285864 0.010000 1.982880e+01 0.236857 90 1.612000e+02
101 0.073539 0.012067 0.282854 0.012000 2.155440e+01 0.295193 100 1.818000e+02
111 0.071891 0.013703 0.281210 0.013636 2.329440e+01 0.357860 110 201
121 0.115030 0.015068 0.379472 0.015000 2.490480e+01 0.425808 120 2.153000e+02
131 0.113339 0.016220 0.378365 0.016154 2.678880e+01 0.499660 130 2.312000e+02
141 0.112487 0.017907 0.376646 0.017857 2.866320e+01 0.583615 140 251
151 0.112171 0.021403 0.372979 0.021333 3.045360e+01 0.672029 150 2.699000e+02
161 0.110335 0.023808 0.370396 0.023750 3.237600e+01 0.765908 160 2.888000e+02
171 0.107327 0.026547 0.372273 0.026471 3.394800e+01 0.860029 170 3.005000e+02
181 0.107208 0.028395 0.370386 0.028333 3.557520e+01 0.963998 180 3.177000e+02
191 0.116997 0.029543 0.369959 0.029474 3.713520e+01 1.073921 190 3.299000e+02
