1 0.000000 0.000000 0.000000 0.000000 2.352000e+00 -0.000000 0 0
11 0.000000 0.000000 0.000000 0.000000 5.827200e+00 0.002188 10 1.170000e+01
21 0.000000 0.000000 0.000000 0.000000 7.281600e+00 0.009527 20 2.920000e+01
31 0.000000 0.000000 0.000000 0.000000 8.625600e+00 0.022355 30 4.430000e+01
41 0.000000 0.000000 0.000000 0.000000 1.000800e+01 0.040233 40 5.420000e+01
51 0.000000 0.000000 0.000000 0.000000 1.138320e+01 0.063472 50 66
61 0.000000 0.000000 0.000000 0.000000 1.284720e+01 0.091624 60 86
71 0.039433 0.001430 0.098387 0.001429 1.429200e+01 0.127186 70 1.028000e+02
81 0.039433 0.001251 0.098387 0.001250 1.580640e+01 0.167294 80 1.155000e+02
91 0.039433 0.001112 0.098387 0.001111 1.738320e+01 0.211349 90 1.316000e+02
101 0.039433 0.001001 0.098387 0.001000 1.896000e+01 0.262064 100 146
111 0.039433 0.000910 0.098387 0.000909 2.059200e+01 0.324354 110 1.639000e+02
121 0.039433 0.000834 0.098387 0.000833 2.186640e+01 0.382478 120 1.797000e+02
131 0.039433 0.000770 0.098387 0.000769 2.321760e+01 0.444616 130 1.916000e+02
141 0.039433 0.000715 0.098387 0.000714 2.457840e+01 0.514470 140 2.069000e+02
151 0.039433 0.000667 0.098387 0.000667 2.593920e+01 0.589861 150 2.159000e+02
161 0.039433 0.000625 0.098387 0.000625 2.746320e+01 0.673282 160 2.277000e+02
171 0.039433 0.000588 0.098387 0.000588 2.873280e+01 0.757480 170 2.397000e+02
181 0.039433 0.000556 0.098387 0.000556 3.006000e+01 0.849495 180 255
191 0.039433 0.000526 0.098387 0.000526 3.139680e+01 0.947452 190 2.686000e+02
