0 0.000000 0.000000 0.000000 0.000000 1.185360e+01 0.001454 0 4.961000e+02
10 0.009164 0.031285 0.050000 0.012941 1.408080e+01 0.003901 1.840000e+01 516
20 0.008068 0.025504 0.033333 0.010441 1.659360e+01 0.007768 3.680000e+01 5.343000e+02
30 0.016365 0.026993 0.146970 0.010588 1.902240e+01 0.012864 5.520000e+01 5.569000e+02
40 0.060425 0.040584 0.354135 0.018296 2.138400e+01 0.018837 7.360000e+01 5.758000e+02
50 0.059647 0.044563 0.368224 0.021082 2.362080e+01 0.025684 92 5.968000e+02
60 0.090015 0.047218 0.458965 0.022939 2.620560e+01 0.033803 1.104000e+02 6.162000e+02
70 0.085042 0.053372 0.460720 0.025221 2.862000e+01 0.042856 1.288000e+02 6.343000e+02
80 0.086534 0.057947 0.457175 0.026664 3.083280e+01 0.053295 1.472000e+02 6.511000e+02
90 0.096214 0.064889 0.547760 0.030256 3.308640e+01 0.064854 1.656000e+02 6.704000e+02
100 0.096047 0.069421 0.542964 0.031923 3.553440e+01 0.077326 184 6.924000e+02
110 0.113807 0.072293 0.628542 0.033134 3.821760e+01 0.090957 2.024000e+02 7.152000e+02
120 0.120333 0.079543 0.623379 0.036121 4.067280e+01 0.105806 2.208000e+02 735
130 0.119557 0.083431 0.624010 0.037557 4.292640e+01 0.121448 2.392000e+02 7.577000e+02
140 0.122575 0.091779 0.622254 0.041147 4.527840e+01 0.137643 2.576000e+02 7.769000e+02
150 0.118535 0.099019 0.623533 0.044837 4.758240e+01 0.154969 276 7.977000e+02
160 0.116852 0.104059 0.615762 0.047105 5.004960e+01 0.173594 2.944000e+02 8.198000e+02
170 0.105606 0.107392 0.622893 0.048397 5.210640e+01 0.192596 3.128000e+02 8.382000e+02
180 0.105721 0.113080 0.619792 0.050864 5.439120e+01 0.211364 3.312000e+02 8.556000e+02
190 0.111815 0.117158 0.715113 0.052947 5.691600e+01 0.232532 3.496000e+02 8.727000e+02
200 0.111670 0.119306 0.713044 0.054374 5.921040e+01 0.255086 368 8.941000e+02
210 0.113141 0.122201 0.715917 0.055252 6.143040e+01 0.276767 3.864000e+02 9.156000e+02
220 0.111189 0.125285 0.716385 0.056521 6.359760e+01 0.300130 4.048000e+02 9.344000e+02
230 0.119486 0.127234 0.715952 0.057541 6.606720e+01 0.323871 4.232000e+02 9.573000e+02
240 0.127978 0.129847 0.717345 0.059031 6.858960e+01 0.350969 4.416000e+02 9.742000e+02
250 0.136036 0.131065 0.716288 0.059382 7.102080e+01 0.377031 460 9.959000e+02
260 0.131244 0.135260 0.713256 0.061125 7.324080e+01 0.401405 4.784000e+02 1.010600e+03
270 0.128346 0.138403 0.710644 0.062469 7.554480e+01 0.429100 4.968000e+02 1.030900e+03
280 0.128385 0.139167 0.709446 0.062747 7.802640e+01 0.459616 5.152000e+02 1.050100e+03
290 0.131583 0.141608 0.708755 0.063794 8.045760e+01 0.488942 5.336000e+02 1.073300e+03
300 0.132872 0.141898 0.706578 0.064000 8.286960e+01 0.518740 552 1090
310 0.132882 0.145064 0.704895 0.065486 8.539200e+01 0.550297 5.704000e+02 1.112700e+03
320 0.133577 0.146780 0.703648 0.066170 8.758800e+01 0.582259 5.888000e+02 1128
330 0.129818 0.149004 0.701017 0.067259 9.003120e+01 0.616095 6.072000e+02 1.149400e+03
340 0.181911 0.152567 0.835760 0.068801 9.238320e+01 0.649777 6.256000e+02 1.167500e+03
350 0.176760 0.154498 0.831708 0.069777 9.478320e+01 0.687672 644 1.185200e+03
360 0.173822 0.155763 0.829492 0.070420 9.688560e+01 0.723150 6.624000e+02 1.201900e+03
370 0.169079 0.157770 0.840830 0.071252 9.926880e+01 0.758399 6.808000e+02 1.222500e+03
380 0.167393 0.159676 0.839199 0.072312 1.016184e+02 0.794448 6.992000e+02 1243
390 0.167308 0.161226 0.835303 0.073030 1.037928e+02 0.831122 7.176000e+02 1262
400 0.165922 0.163444 0.833618 0.074067 1.061376e+02 0.869787 736 1.279700e+03
410 0.165693 0.165319 0.831662 0.075104 1.084752e+02 0.911266 7.544000e+02 1.301200e+03
420 0.148231 0.166620 0.829517 0.075747 1.107264e+02 0.951348 7.728000e+02 1.319200e+03
430 0.144379 0.168792 0.826862 0.076749 1.132272e+02 0.993738 7.912000e+02 1.340700e+03
440 0.143349 0.171091 0.825596 0.077709 1.154928e+02 1.033862 8.096000e+02 1.358900e+03
450 0.144033 0.172849 0.822357 0.078557 1.177608e+02 1.075345 828 1.376100e+03
460 0.144935 0.173439 0.821656 0.078676 1.200600e+02 1.118237 8.464000e+02 1.394800e+03
470 0.144141 0.175072 0.819383 0.079395 1.222704e+02 1.159478 8.648000e+02 1.412100e+03
480 0.143356 0.176427 0.819159 0.079979 1.247760e+02 1.202337 8.832000e+02 1433
490 0.141452 0.176909 0.816433 0.080402 1.272048e+02 1.248653 9.016000e+02 1453
500 0.141158 0.178370 0.816771 0.081197 1.295568e+02 1.294705 920 1.469800e+03
510 0.138562 0.181332 0.823178 0.082915 1.318128e+02 1.339267 9.384000e+02 1486
520 0.138583 0.182870 0.821091 0.083605 1.341456e+02 1.384009 9.568000e+02 1504
530 0.138232 0.184506 0.822265 0.084349 1.367784e+02 1.429232 9.752000e+02 1526
540 0.137252 0.185713 0.819610 0.084981 1.390656e+02 1.479433 9.936000e+02 1.543600e+03
550 0.138120 0.187254 0.818687 0.085705 1.414056e+02 1.528428 1012 1.563700e+03
560 0.139802 0.188912 0.818456 0.086945 1.436592e+02 1.576048 1.030400e+03 1.582600e+03
570 0.139650 0.191389 0.846743 0.088451 1.459632e+02 1.624812 1.048800e+03 1.606100e+03
580 0.151053 0.193433 0.845277 0.089594 1.483344e+02 1.672822 1.067200e+03 1.627100e+03
590 0.149831 0.194226 0.844208 0.090133 1.503456e+02 1.723623 1.085600e+03 1.647300e+03
600 0.148515 0.196341 0.842006 0.091469 1.525584e+02 1.771950 1104 1.663100e+03
