0 0.000000 0.000000 0.000000 0.000000 1.190880e+01 0.001657 0 4.991000e+02
10 0.044640 0.101683 0.075000 0.050160 1.458720e+01 0.005660 2.080000e+01 5.212000e+02
20 0.104155 0.125950 0.340595 0.066049 1.705680e+01 0.011647 4.160000e+01 5.394000e+02
30 0.109949 0.134293 0.449385 0.068713 1.961520e+01 0.019730 6.240000e+01 5.603000e+02
40 0.094883 0.135438 0.421527 0.071498 2.206800e+01 0.029594 8.320000e+01 5.806000e+02
50 0.101549 0.150361 0.614228 0.079594 2.470080e+01 0.041566 104 5.997000e+02
60 0.097091 0.167265 0.669509 0.087092 2.718480e+01 0.054706 1.248000e+02 6.215000e+02
70 0.093856 0.180381 0.674626 0.092293 2.962320e+01 0.068338 1.456000e+02 6.387000e+02
80 0.091175 0.171570 0.672552 0.087943 3.198000e+01 0.083904 1.664000e+02 6.561000e+02
90 0.087969 0.173622 0.665800 0.089742 3.450960e+01 0.101810 1.872000e+02 6.744000e+02
100 0.085706 0.178237 0.669668 0.092197 3.724560e+01 0.123652 208 6.971000e+02
110 0.086978 0.181127 0.664966 0.093763 3.970080e+01 0.145920 2.288000e+02 7.162000e+02
120 0.086618 0.184399 0.660539 0.095673 4.226880e+01 0.169518 2.496000e+02 7.383000e+02
130 0.086732 0.185705 0.658640 0.096435 4.490400e+01 0.194555 2.704000e+02 7.607000e+02
140 0.085319 0.190209 0.654674 0.098766 4.745520e+01 0.221337 2.912000e+02 7.813000e+02
150 0.088186 0.194170 0.693230 0.101035 5.001600e+01 0.250631 312 804
160 0.088091 0.198927 0.694190 0.103777 5.235600e+01 0.280180 3.328000e+02 8.236000e+02
170 0.085491 0.201348 0.683677 0.105317 5.462640e+01 0.310221 3.536000e+02 8.429000e+02
180 0.084984 0.206282 0.674196 0.108055 5.706240e+01 0.343756 3.744000e+02 862
190 0.083804 0.206486 0.679119 0.108241 5.950800e+01 0.379433 3.952000e+02 8.866000e+02
200 0.082980 0.210725 0.679874 0.110134 6.184800e+01 0.413121 416 9.082000e+02
210 0.085917 0.213538 0.682580 0.111716 6.440160e+01 0.451420 4.368000e+02 927
220 0.085892 0.217862 0.685908 0.113868 6.685680e+01 0.489663 4.576000e+02 9.461000e+02
230 0.085122 0.222384 0.693786 0.115936 6.939360e+01 0.531974 4.784000e+02 965
240 0.085140 0.227635 0.691674 0.118674 7.201920e+01 0.573290 4.992000e+02 9.863000e+02
250 0.085939 0.234134 0.699816 0.122245 7.443840e+01 0.617749 520 1.005100e+03
260 0.085568 0.238216 0.702849 0.124313 7.715040e+01 0.664301 5.408000e+02 1.025200e+03
270 0.085844 0.245317 0.703386 0.127998 7.934400e+01 0.709574 5.616000e+02 1.043300e+03
280 0.085396 0.249428 0.697637 0.129902 8.202720e+01 0.762423 5.824000e+02 1.064300e+03
290 0.086801 0.254324 0.698011 0.132484 8.443440e+01 0.812009 6.032000e+02 1.082500e+03
300 0.086242 0.259848 0.695266 0.135644 8.665920e+01 0.862291 624 1.105200e+03
310 0.087135 0.263673 0.690592 0.137685 8.911920e+01 0.916442 6.448000e+02 1.124300e+03
320 0.087036 0.267310 0.687499 0.139690 9.155040e+01 0.971533 6.656000e+02 1.141600e+03
330 0.090729 0.272893 0.691337 0.142599 9.392160e+01 1.027884 6.864000e+02 1.161600e+03
340 0.089821 0.277184 0.686878 0.144854 9.625680e+01 1.084027 7.072000e+02 1.176600e+03
350 0.089717 0.283267 0.681389 0.148001 9.844560e+01 1.140419 728 1192
360 0.089946 0.287950 0.686050 0.150116 1.008672e+02 1.197871 7.488000e+02 1.212800e+03
370 0.089536 0.290426 0.682621 0.151531 1.030800e+02 1.259185 7.696000e+02 1.231800e+03
380 0.091034 0.295116 0.684578 0.153950 1.051968e+02 1.322316 7.904000e+02 1.247800e+03
390 0.091803 0.299094 0.685053 0.155925 1.077144e+02 1.386723 8.112000e+02 1.267500e+03
400 0.092337 0.302613 0.682888 0.157629 1.100160e+02 1.456277 832 1287
410 0.092211 0.305728 0.677953 0.159072 1.123872e+02 1.529085 8.528000e+02 1.305300e+03
420 0.092115 0.308207 0.678038 0.160323 1.146696e+02 1.598734 8.736000e+02 1.325400e+03
430 0.090955 0.311772 0.674760 0.162177 1.168536e+02 1.665120 8.944000e+02 1.347200e+03
440 0.090098 0.315371 0.695494 0.164058 1.192512e+02 1.738134 9.152000e+02 1.368200e+03
450 0.090129 0.319256 0.713366 0.166005 1.215336e+02 1.813408 936 1384
460 0.089740 0.323150 0.727254 0.167995 1.239120e+02 1.886750 9.568000e+02 1.402100e+03
470 0.089129 0.326487 0.724605 0.169663 1.261392e+02 1.966782 9.776000e+02 1.420900e+03
480 0.088433 0.329896 0.723803 0.171297 1.284456e+02 2.049401 9.984000e+02 1.438700e+03
490 0.088053 0.333572 0.720095 0.172997 1.307280e+02 2.130201 1.019200e+03 1.456600e+03
500 0.088188 0.336907 0.721618 0.174626 1.331592e+02 2.217025 1040 1.475400e+03
510 0.087745 0.340101 0.728069 0.176399 1.353480e+02 2.295509 1.060800e+03 1.492100e+03
520 0.087369 0.343177 0.724162 0.178039 1.376328e+02 2.383771 1.081600e+03 1.510100e+03
530 0.087469 0.347269 0.724185 0.180132 1.399032e+02 2.468731 1.102400e+03 1.531700e+03
540 0.087250 0.351422 0.728292 0.182285 1.419552e+02 2.559721 1.123200e+03 1.550300e+03
550 0.087256 0.355006 0.731462 0.184159 1.442736e+02 2.655553 1144 1.567800e+03
560 0.087025 0.357244 0.731197 0.185292 1.464504e+02 2.747474 1.164800e+03 1585
570 0.087702 0.360792 0.735749 0.187097 1.488864e+02 2.839347 1.185600e+03 1.603500e+03
580 0.087093 0.363549 0.733052 0.188409 1.508976e+02 2.934271 1.206400e+03 1.617800e+03
590 0.087007 0.365184 0.733249 0.189162 1.529736e+02 3.022724 1.227200e+03 1.635500e+03
600 0.087396 0.367468 0.731469 0.190255 1.549128e+02 3.110378 1248 1.650800e+03
