0 0.000000 0.000000 0.000000 0.000000 1.244400e+01 0.001826 0 5.207000e+02
10 0.016358 0.061655 0.233333 0.022576 1.515600e+01 0.005086 2.380000e+01 5.452000e+02
20 0.049024 0.096630 0.375833 0.037216 1.768320e+01 0.009997 4.760000e+01 5.661000e+02
30 0.049848 0.101081 0.368095 0.038699 2.063760e+01 0.016438 7.140000e+01 589
40 0.053486 0.110993 0.366071 0.041799 2.344320e+01 0.025070 9.520000e+01 6.113000e+02
50 0.049696 0.114866 0.397358 0.043447 2.628240e+01 0.034625 119 6.345000e+02
60 0.051728 0.124058 0.439778 0.045777 2.891520e+01 0.045339 1.428000e+02 6.565000e+02
70 0.062651 0.126342 0.464728 0.046531 3.147600e+01 0.057361 1.666000e+02 6.772000e+02
80 0.080357 0.130612 0.575583 0.048968 3.429840e+01 0.071035 1.904000e+02 7.003000e+02
90 0.082375 0.133882 0.586157 0.050619 3.712320e+01 0.085704 2.142000e+02 7.242000e+02
100 0.083177 0.132485 0.581397 0.049936 3.986880e+01 0.103621 238 746
110 0.085463 0.134992 0.616383 0.050882 4.266480e+01 0.122178 2.618000e+02 7.691000e+02
120 0.084665 0.135408 0.612281 0.050568 4.530960e+01 0.143030 2.856000e+02 7.922000e+02
130 0.082084 0.138838 0.610387 0.051830 4.787040e+01 0.164116 3.094000e+02 8.132000e+02
140 0.081713 0.145359 0.631066 0.054040 5.067120e+01 0.186401 3.332000e+02 8.374000e+02
150 0.081227 0.145665 0.627081 0.053659 5.338800e+01 0.210411 357 8.597000e+02
160 0.081482 0.145309 0.629195 0.053572 5.606400e+01 0.236778 3.808000e+02 8.815000e+02
170 0.083494 0.148531 0.646333 0.054630 5.881920e+01 0.265357 4.046000e+02 9.068000e+02
180 0.083564 0.149169 0.646280 0.054524 6.161520e+01 0.293366 4.284000e+02 9.306000e+02
190 0.084419 0.153429 0.652626 0.055857 6.433440e+01 0.323287 4.522000e+02 9.541000e+02
200 0.086881 0.155256 0.652449 0.056415 6.709920e+01 0.353643 476 9.749000e+02
210 0.088260 0.159776 0.653367 0.058059 6.945600e+01 0.385323 4.998000e+02 9.958000e+02
220 0.115658 0.161610 0.756993 0.058691 7.235280e+01 0.419724 5.236000e+02 1.016500e+03
230 0.118512 0.165897 0.761470 0.060450 7.513920e+01 0.456727 5.474000e+02 1.038100e+03
240 0.120567 0.168143 0.760804 0.061430 7.775040e+01 0.493782 5.712000e+02 1.058400e+03
250 0.125286 0.175035 0.761635 0.064079 8.066880e+01 0.532066 595 1.083200e+03
260 0.131564 0.175994 0.858360 0.064806 8.326080e+01 0.572317 6.188000e+02 1.105700e+03
270 0.131736 0.179489 0.858880 0.066124 8.607840e+01 0.612832 6.426000e+02 1.128100e+03
280 0.123615 0.181295 0.854826 0.066776 8.884080e+01 0.655809 6.664000e+02 1.147600e+03
290 0.124762 0.185737 0.856079 0.068378 9.149280e+01 0.700039 6.902000e+02 1.170600e+03
300 0.124884 0.185880 0.857181 0.068275 9.406800e+01 0.745525 714 1.190800e+03
310 0.126789 0.191174 0.863029 0.069993 9.683520e+01 0.795383 7.378000e+02 1.215300e+03
320 0.128474 0.193955 0.861977 0.071304 9.956400e+01 0.843247 7.616000e+02 1.237200e+03
330 0.134663 0.196260 0.859701 0.072203 1.023840e+02 0.896334 7.854000e+02 1.261300e+03
340 0.134592 0.199020 0.858417 0.073213 1.051248e+02 0.948433 8.092000e+02 1.282500e+03
350 0.133415 0.199617 0.856076 0.073569 1.077240e+02 1.001468 833 1.302400e+03
360 0.133903 0.202689 0.858978 0.074448 1.105200e+02 1.059196 8.568000e+02 1324
370 0.136262 0.203697 0.859877 0.074861 1.132056e+02 1.112001 8.806000e+02 1.346200e+03
380 0.138078 0.205164 0.859250 0.075445 1.158768e+02 1.167182 9.044000e+02 1.371700e+03
390 0.134197 0.206333 0.861138 0.076144 1.183416e+02 1.221399 9.282000e+02 1.390300e+03
400 0.132820 0.208425 0.859798 0.077077 1.211232e+02 1.279823 952 1.413600e+03
410 0.131212 0.210905 0.861830 0.078040 1.238400e+02 1.339496 9.758000e+02 1.437600e+03
420 0.127906 0.213506 0.861804 0.079077 1.265184e+02 1.398380 9.996000e+02 1.460100e+03
430 0.126524 0.215752 0.860602 0.079964 1.292088e+02 1.461698 1.023400e+03 1.488100e+03
440 0.126578 0.218115 0.858334 0.080668 1.316400e+02 1.516503 1.047200e+03 1.507500e+03
450 0.125172 0.219722 0.855338 0.081484 1.341480e+02 1.574863 1071 1.527900e+03
460 0.127273 0.221468 0.854130 0.082125 1.368768e+02 1.637882 1.094800e+03 1.547600e+03
470 0.126354 0.223994 0.858606 0.083740 1.396872e+02 1.705351 1.118600e+03 1.567800e+03
480 0.126485 0.225786 0.859306 0.084346 1.422816e+02 1.775396 1.142400e+03 1.588400e+03
490 0.127993 0.227713 0.862447 0.085441 1.448784e+02 1.840677 1.166200e+03 1608
500 0.128833 0.229163 0.864987 0.086170 1.476696e+02 1.908510 1190 1.631200e+03
510 0.128547 0.230551 0.864435 0.086679 1.501920e+02 1.978823 1.213800e+03 1.654900e+03
520 0.128487 0.232078 0.868803 0.087362 1.527432e+02 2.051619 1.237600e+03 1.674200e+03
530 0.129911 0.233171 0.867942 0.088185 1.555008e+02 2.122867 1.261400e+03 1.697600e+03
540 0.131792 0.234043 0.866886 0.088421 1.584720e+02 2.201113 1.285200e+03 1.719900e+03
550 0.132005 0.236332 0.865929 0.089254 1.612920e+02 2.276565 1309 1.739500e+03
560 0.131926 0.238362 0.871201 0.089945 1.639128e+02 2.350954 1.332800e+03 1.761500e+03
570 0.131716 0.239971 0.873588 0.090614 1.665768e+02 2.423995 1.356600e+03 1.782300e+03
580 0.131534 0.241179 0.871943 0.091230 1.690824e+02 2.502396 1.380400e+03 1.803300e+03
590 0.131628 0.242172 0.870724 0.091460 1.718328e+02 2.580535 1.404200e+03 1.827800e+03
600 0.131740 0.244165 0.870511 0.092324 1.746288e+02 2.656774 1428 1.849100e+03
