1 0.000000 0.000000 0.000000 0.000000 2.352000e+00 -0.000000 0 98
11 0.049254 0.120283 0.140000 0.073333 6.840000e+00 0.002555 20 196
21 0.052039 0.139327 0.216667 0.087778 9.206400e+00 0.009611 40 196
31 0.045251 0.125091 0.163810 0.079259 1.186080e+01 0.022015 60 196
41 0.043588 0.118171 0.334286 0.072500 1.428480e+01 0.036448 80 196
51 0.050814 0.138779 0.351822 0.084222 1.645440e+01 0.052799 100 196
61 0.065387 0.162465 0.573409 0.096919 1.898880e+01 0.075910 120 196
71 0.058868 0.179426 0.561040 0.106782 2.121600e+01 0.103966 140 196
81 0.074237 0.176843 0.751094 0.103624 2.339040e+01 0.127535 160 196
91 0.074767 0.183903 0.765789 0.107733 2.557440e+01 0.156762 180 196
101 0.079914 0.197581 0.769180 0.114687 2.795520e+01 0.192082 200 196
111 0.082540 0.205111 0.752593 0.119467 3.022080e+01 0.231533 220 196
121 0.085083 0.221406 0.767884 0.127483 3.254880e+01 0.273685 240 196
131 0.086014 0.225930 0.761545 0.129332 3.479040e+01 0.319265 260 196
141 0.083922 0.234083 0.761250 0.133009 3.690240e+01 0.364530 280 196
151 0.081978 0.242550 0.761148 0.137859 3.902400e+01 0.415702 300 196
161 0.080978 0.248633 0.770274 0.140044 4.119360e+01 0.466570 320 196
171 0.080514 0.252798 0.764843 0.140547 4.322880e+01 0.515117 340 196
181 0.084345 0.255377 0.779166 0.140527 4.566240e+01 0.572580 360 196
191 0.083194 0.259875 0.774288 0.142791 4.767360e+01 0.629299 380 196
201 0.084497 0.264895 0.771107 0.146106 4.985760e+01 0.684393 400 196
211 0.092319 0.270392 0.766277 0.148163 5.222400e+01 0.757238 420 196
221 0.092481 0.276243 0.763320 0.150739 5.466240e+01 0.830026 440 196
231 0.091126 0.281688 0.776329 0.153663 5.682720e+01 0.901243 460 196
241 0.093008 0.289100 0.776381 0.157361 5.898720e+01 0.974694 480 196
251 0.093566 0.295987 0.783286 0.161164 6.122400e+01 1.043915 500 196
261 0.094388 0.301543 0.783207 0.164048 6.324960e+01 1.122131 520 196
271 0.093776 0.302222 0.778839 0.164332 6.518880e+01 1.195788 540 196
281 0.094498 0.307153 0.782287 0.166454 6.739200e+01 1.289144 560 196
291 0.092022 0.313802 0.777578 0.169784 6.937440e+01 1.371573 580 196
301 0.094641 0.314680 0.773969 0.169724 7.178400e+01 1.469998 600 196
