1 0.000000 0.000000 0.000000 0.000000 2.352000e+00 -0.000000 0 98
11 0.031671 0.101226 0.066667 0.047702 6.888000e+00 0.002403 2.040000e+01 196
21 0.051581 0.126173 0.319495 0.063605 9.098400e+00 0.008708 4.080000e+01 196
31 0.077356 0.154367 0.510818 0.077092 1.161840e+01 0.019172 6.120000e+01 196
41 0.069823 0.150733 0.491917 0.075079 1.410720e+01 0.034524 8.160000e+01 196
51 0.068652 0.156604 0.502246 0.077280 1.620240e+01 0.051895 102 196
61 0.068967 0.165699 0.563785 0.081454 1.860240e+01 0.074191 1.224000e+02 196
71 0.068479 0.167608 0.567952 0.083028 2.095440e+01 0.100695 1.428000e+02 196
81 0.086744 0.180433 0.730024 0.089396 2.340480e+01 0.129194 1.632000e+02 196
91 0.082603 0.191479 0.728342 0.094620 2.568000e+01 0.158041 1.836000e+02 196
101 0.084400 0.199366 0.751729 0.098505 2.806080e+01 0.192200 204 196
111 0.080935 0.201271 0.749421 0.099379 3.030240e+01 0.228206 2.244000e+02 196
121 0.079492 0.206152 0.746641 0.101598 3.261840e+01 0.266876 2.448000e+02 196
131 0.080851 0.217977 0.753848 0.107126 3.498480e+01 0.309881 2.652000e+02 196
141 0.081630 0.221737 0.763594 0.109403 3.723360e+01 0.355955 2.856000e+02 196
151 0.085328 0.224281 0.763270 0.110623 3.972720e+01 0.406384 306 196
161 0.087528 0.227732 0.764563 0.112789 4.207920e+01 0.457824 3.264000e+02 196
171 0.090310 0.237331 0.762905 0.118326 4.429680e+01 0.510623 3.468000e+02 196
181 0.089417 0.241931 0.762029 0.121092 4.649520e+01 0.566868 3.672000e+02 196
191 0.089970 0.246573 0.765628 0.124046 4.884720e+01 0.629182 3.876000e+02 196
201 0.089265 0.251246 0.804842 0.126095 5.116560e+01 0.700547 408 196
211 0.089430 0.258811 0.806479 0.129490 5.348640e+01 0.767674 4.284000e+02 196
221 0.090610 0.263864 0.818629 0.132061 5.571360e+01 0.836308 4.488000e+02 196
231 0.092380 0.268493 0.818380 0.133921 5.782320e+01 0.895668 4.692000e+02 196
241 0.093222 0.271883 0.818987 0.135596 5.999760e+01 0.967630 4.896000e+02 196
251 0.093464 0.275405 0.818547 0.137284 6.242880e+01 1.051522 510 196
261 0.095589 0.278660 0.819927 0.139087 6.473040e+01 1.134195 5.304000e+02 196
271 0.095872 0.285756 0.819336 0.142800 6.708240e+01 1.220942 5.508000e+02 196
281 0.097289 0.287375 0.818021 0.143390 6.944160e+01 1.299833 5.712000e+02 196
291 0.096723 0.290539 0.820880 0.145096 7.155360e+01 1.382901 5.916000e+02 196
301 0.096559 0.296191 0.820177 0.147972 7.373040e+01 1.462308 612 196
311 0.096813 0.299221 0.817257 0.149384 7.607280e+01 1.547352 6.324000e+02 196
321 0.096729 0.301424 0.815428 0.150376 7.837200e+01 1.628453 6.528000e+02 196
331 0.097166 0.302300 0.814762 0.150828 8.070960e+01 1.723913 6.732000e+02 196
341 0.097621 0.307795 0.813738 0.153488 8.284800e+01 1.813628 6.936000e+02 196
351 0.098859 0.311318 0.812525 0.155276 8.513280e+01 1.903952 714 196
361 0.098379 0.312106 0.810302 0.155767 8.744160e+01 1.991333 7.344000e+02 196
371 0.097937 0.316100 0.806213 0.157708 8.954880e+01 2.081169 7.548000e+02 196
381 0.097966 0.317526 0.804495 0.158535 9.178800e+01 2.163911 7.752000e+02 196
391 0.097853 0.320923 0.802954 0.160192 9.404880e+01 2.254915 7.956000e+02 196
401 0.097473 0.323900 0.803628 0.161445 9.622800e+01 2.345891 816 196
411 0.098191 0.327228 0.802944 0.163266 9.856320e+01 2.446332 8.364000e+02 196
421 0.098293 0.330865 0.801983 0.165114 1.008480e+02 2.545977 8.568000e+02 196
431 0.098466 0.333395 0.805437 0.166364 1.031904e+02 2.655811 8.772000e+02 196
441 0.098441 0.336272 0.802914 0.167879 1.055616e+02 2.756856 8.976000e+02 196
451 0.098129 0.339241 0.804831 0.169438 1.078656e+02 2.867377 918 196
461 0.098580 0.342307 0.803410 0.171086 1.100448e+02 2.956861 9.384000e+02 196
471 0.098751 0.342694 0.803314 0.171422 1.126272e+02 3.071567 9.588000e+02 196
481 0.098871 0.346383 0.808581 0.173149 1.150056e+02 3.173932 9.792000e+02 196
491 0.099666 0.350125 0.806597 0.174978 1.176288e+02 3.281183 9.996000e+02 196
501 0.099907 0.351348 0.806216 0.175478 1.200672e+02 3.378924 1020 196
