1 0.000000 0.000000 0.000000 0.000000 2.352000e+00 -0.000000 0 98
11 0.031115 0.070770 0.125000 0.026190 7.370400e+00 0.002949 2.420000e+01 196
21 0.043199 0.050296 0.204545 0.018452 1.077600e+01 0.013113 4.840000e+01 196
31 0.062496 0.043517 0.373434 0.016522 1.367520e+01 0.026499 7.260000e+01 196
41 0.064911 0.050176 0.431730 0.018582 1.665360e+01 0.044898 9.680000e+01 196
51 0.069681 0.054123 0.517717 0.019729 1.958160e+01 0.068365 121 196
61 0.074759 0.055106 0.563352 0.020176 2.262240e+01 0.100733 1.452000e+02 196
71 0.074663 0.053060 0.569037 0.019334 2.566080e+01 0.135284 1.694000e+02 196
81 0.096227 0.061332 0.587471 0.022555 2.872560e+01 0.178412 1.936000e+02 196
91 0.098301 0.060069 0.576204 0.021931 3.195120e+01 0.224233 2.178000e+02 196
101 0.099964 0.062073 0.574165 0.022458 3.495120e+01 0.278835 242 196
111 0.096370 0.061876 0.571544 0.022262 3.766320e+01 0.327751 2.662000e+02 196
121 0.110138 0.064225 0.666631 0.023174 4.072560e+01 0.392819 2.904000e+02 196
131 0.107445 0.066214 0.661064 0.023777 4.374480e+01 0.460263 3.146000e+02 196
141 0.108423 0.067896 0.680459 0.024323 4.680000e+01 0.533314 3.388000e+02 196
151 0.107377 0.068045 0.677019 0.024352 4.969920e+01 0.612899 363 196
161 0.106657 0.068792 0.675561 0.024586 5.284320e+01 0.687801 3.872000e+02 196
171 0.105535 0.070047 0.671469 0.024976 5.587920e+01 0.777769 4.114000e+02 196
181 0.107650 0.071156 0.669778 0.025299 5.887440e+01 0.876301 4.356000e+02 196
191 0.108750 0.073722 0.687006 0.026266 6.156720e+01 0.960205 4.598000e+02 196
201 0.107030 0.075035 0.684630 0.026696 6.465120e+01 1.068164 484 196
211 0.119517 0.077184 0.695915 0.027515 6.756960e+01 1.180335 5.082000e+02 196
221 0.118508 0.078217 0.710278 0.027914 7.040160e+01 1.291726 5.324000e+02 196
231 0.118855 0.080039 0.715432 0.028569 7.333440e+01 1.407975 5.566000e+02 196
241 0.123358 0.080867 0.715833 0.028842 7.615200e+01 1.526576 5.808000e+02 196
251 0.123671 0.082037 0.721786 0.029205 7.936560e+01 1.664955 605 196
261 0.123425 0.082339 0.720986 0.029282 8.225280e+01 1.793033 6.292000e+02 196
271 0.126760 0.082627 0.720935 0.029390 8.524320e+01 1.934356 6.534000e+02 196
281 0.125474 0.084677 0.723613 0.030147 8.830800e+01 2.096873 6.776000e+02 196
291 0.124475 0.084857 0.722123 0.030233 9.151200e+01 2.262919 7.018000e+02 196
301 0.121960 0.085696 0.724074 0.030545 9.435600e+01 2.400846 726 196
311 0.122317 0.086803 0.723073 0.030854 9.735840e+01 2.562098 7.502000e+02 196
321 0.121184 0.088469 0.721969 0.031457 1.002720e+02 2.718139 7.744000e+02 196
331 0.120495 0.089725 0.720096 0.031891 1.032456e+02 2.890208 7.986000e+02 196
341 0.120273 0.089442 0.718455 0.031754 1.063392e+02 3.086591 8.228000e+02 196
351 0.120364 0.091455 0.719075 0.032388 1.092024e+02 3.261142 847 196
361 0.120406 0.091692 0.724091 0.032475 1.118448e+02 3.434980 8.712000e+02 196
371 0.120768 0.093539 0.725286 0.033074 1.148280e+02 3.637252 8.954000e+02 196
381 0.135121 0.094502 0.823220 0.033448 1.177512e+02 3.831362 9.196000e+02 196
391 0.132907 0.096438 0.823111 0.034225 1.206192e+02 4.020827 9.438000e+02 196
401 0.132763 0.097525 0.825177 0.034574 1.234008e+02 4.219664 968 196
411 0.132754 0.099049 0.826568 0.035082 1.264224e+02 4.437445 9.922000e+02 196
421 0.132459 0.099309 0.826255 0.035145 1.290024e+02 4.616820 1.016400e+03 196
431 0.132569 0.100256 0.825716 0.035460 1.321560e+02 4.851051 1.040600e+03 196
441 0.132192 0.100478 0.824990 0.035516 1.350960e+02 5.100629 1.064800e+03 196
451 0.133532 0.102023 0.826441 0.036048 1.380456e+02 5.323877 1089 196
461 0.133933 0.102632 0.826720 0.036286 1.410120e+02 5.566524 1.113200e+03 196
471 0.133721 0.103855 0.830416 0.036683 1.437312e+02 5.790734 1.137400e+03 196
481 0.133508 0.104397 0.829693 0.036868 1.466640e+02 6.056055 1.161600e+03 196
491 0.133774 0.105331 0.828933 0.037192 1.496352e+02 6.322103 1.185800e+03 196
501 0.134047 0.106022 0.828947 0.037412 1.525128e+02 6.571524 1210 196
