1 0.000000 0.000000 0.000000 0.000000 2.352000e+00 -0.000000 0 98
11 0.012375 0.020318 0.100000 0.011111 6.398400e+00 0.001529 1.920000e+01 196
21 0.033588 0.030158 0.266667 0.017361 8.659200e+00 0.006443 3.840000e+01 196
31 0.033588 0.020079 0.266667 0.011574 1.093440e+01 0.016088 5.760000e+01 196
41 0.033588 0.015039 0.266667 0.008681 1.343040e+01 0.029440 7.680000e+01 196
51 0.039948 0.016125 0.446667 0.008278 1.582560e+01 0.046514 96 196
61 0.041059 0.020220 0.448485 0.009120 1.803360e+01 0.065369 1.152000e+02 196
71 0.034944 0.020162 0.486580 0.009603 2.032320e+01 0.089768 1.344000e+02 196
81 0.040698 0.027742 0.662857 0.011944 2.279040e+01 0.118456 1.536000e+02 196
91 0.033813 0.040290 0.669519 0.017623 2.489760e+01 0.148873 1.728000e+02 196
101 0.050209 0.048335 0.660944 0.020472 2.709600e+01 0.181078 192 196
111 0.050354 0.053068 0.649535 0.022576 2.950080e+01 0.221723 2.112000e+02 196
121 0.055452 0.051949 0.679052 0.022176 3.166080e+01 0.261116 2.304000e+02 196
131 0.051185 0.054150 0.675697 0.022650 3.375840e+01 0.302514 2.496000e+02 196
141 0.054717 0.058885 0.666420 0.024524 3.599040e+01 0.351291 2.688000e+02 196
151 0.053049 0.068340 0.683951 0.028704 3.817920e+01 0.402622 288 196
161 0.051444 0.069069 0.677462 0.029132 4.048320e+01 0.463113 3.072000e+02 196
171 0.050442 0.072090 0.671451 0.030033 4.282560e+01 0.525144 3.264000e+02 196
181 0.047165 0.076996 0.661869 0.031914 4.488480e+01 0.587768 3.456000e+02 196
191 0.046845 0.078223 0.657416 0.031988 4.713600e+01 0.655904 3.648000e+02 196
201 0.046311 0.080327 0.652767 0.032611 4.953600e+01 0.731196 384 196
211 0.046486 0.082224 0.658608 0.033386 5.144640e+01 0.790496 4.032000e+02 196
221 0.048798 0.085776 0.680285 0.034697 5.381280e+01 0.867307 4.224000e+02 196
231 0.047635 0.088144 0.678007 0.035664 5.615520e+01 0.955755 4.416000e+02 196
241 0.049267 0.091154 0.683773 0.036771 5.812320e+01 1.040276 4.608000e+02 196
251 0.052910 0.093910 0.683642 0.038200 6.032640e+01 1.118046 480 196
261 0.052007 0.095689 0.680112 0.038868 6.252000e+01 1.202700 4.992000e+02 196
271 0.049841 0.098079 0.678071 0.039630 6.460320e+01 1.292210 5.184000e+02 196
281 0.048592 0.099580 0.674331 0.040407 6.697440e+01 1.390811 5.376000e+02 196
291 0.048595 0.102359 0.674894 0.041284 6.902400e+01 1.496500 5.568000e+02 196
301 0.048330 0.104964 0.675604 0.042204 7.120320e+01 1.586137 576 196
