1 0.000000 0.000000 0.000000 0.000000 2.352000e+00 -0.000000 0 98
11 0.030970 0.063572 0.100000 0.028333 6.379200e+00 0.001359 1.960000e+01 196
21 0.029174 0.092551 0.349091 0.043333 8.596800e+00 0.006192 3.920000e+01 196
31 0.040174 0.095147 0.506667 0.046429 1.082400e+01 0.014394 5.880000e+01 196
41 0.054034 0.101512 0.538518 0.051964 1.296480e+01 0.025035 7.840000e+01 196
51 0.057208 0.121538 0.550202 0.065190 1.528320e+01 0.038521 98 196
61 0.119649 0.141478 0.752261 0.075913 1.764960e+01 0.056140 1.176000e+02 196
71 0.082117 0.158523 0.739183 0.084150 1.984800e+01 0.076653 1.372000e+02 196
81 0.082951 0.178827 0.762999 0.094286 2.245440e+01 0.107507 1.568000e+02 196
91 0.083438 0.183448 0.762076 0.097381 2.459520e+01 0.131639 1.764000e+02 196
101 0.082750 0.193166 0.764475 0.104214 2.682240e+01 0.163360 196 196
111 0.081813 0.210273 0.781691 0.114286 2.886240e+01 0.193192 2.156000e+02 196
121 0.078845 0.216107 0.783799 0.116865 3.076800e+01 0.223763 2.352000e+02 196
131 0.080415 0.224124 0.771067 0.120916 3.305280e+01 0.267442 2.548000e+02 196
141 0.082497 0.229570 0.772615 0.124099 3.535680e+01 0.311331 2.744000e+02 196
151 0.080467 0.236962 0.771549 0.128079 3.741120e+01 0.349190 294 196
161 0.080054 0.245884 0.757642 0.132545 3.950880e+01 0.396950 3.136000e+02 196
171 0.082484 0.259739 0.786797 0.139930 4.153440e+01 0.444366 3.332000e+02 196
181 0.082087 0.265326 0.780993 0.142923 4.376160e+01 0.494966 3.528000e+02 196
191 0.084890 0.278766 0.786587 0.150175 4.577280e+01 0.545453 3.724000e+02 196
201 0.087314 0.285852 0.790880 0.154583 4.828800e+01 0.603639 392 196
211 0.086672 0.290351 0.785154 0.157494 5.056320e+01 0.655604 4.116000e+02 196
221 0.085198 0.297173 0.779266 0.161548 5.262720e+01 0.710959 4.312000e+02 196
231 0.089226 0.311204 0.782558 0.169089 5.488320e+01 0.773043 4.508000e+02 196
241 0.086524 0.319963 0.773265 0.173849 5.679840e+01 0.829652 4.704000e+02 196
251 0.085704 0.325534 0.765571 0.176924 5.871360e+01 0.889910 490 196
261 0.084581 0.329969 0.765828 0.179542 6.081120e+01 0.956105 5.096000e+02 196
271 0.083549 0.334074 0.763289 0.182407 6.282240e+01 1.021074 5.292000e+02 196
281 0.085245 0.340726 0.763571 0.185765 6.498720e+01 1.091518 5.488000e+02 196
291 0.086232 0.348965 0.766124 0.190427 6.689280e+01 1.163060 5.684000e+02 196
301 0.086617 0.352690 0.775070 0.192325 6.883200e+01 1.232507 588 196
