1 0.000000 0.000000 0.000000 0.000000 2.352000e+00 -0.000000 0 98
11 0.077959 0.082810 0.076190 0.040833 6.895200e+00 0.002641 2.180000e+01 196
21 0.103505 0.086129 0.337500 0.039669 9.688800e+00 0.010401 4.360000e+01 196
31 0.084700 0.094003 0.457222 0.043251 1.223040e+01 0.022049 6.540000e+01 196
41 0.077674 0.123214 0.541271 0.057533 1.483440e+01 0.039013 8.720000e+01 196
51 0.098271 0.128435 0.756164 0.060221 1.763760e+01 0.060893 109 196
61 0.090282 0.153923 0.755177 0.072243 2.023680e+01 0.085847 1.308000e+02 196
71 0.095344 0.177581 0.762198 0.082706 2.292720e+01 0.114760 1.526000e+02 196
81 0.094158 0.185561 0.767668 0.086234 2.556240e+01 0.148071 1.744000e+02 196
91 0.091907 0.200538 0.762116 0.093230 2.814960e+01 0.185324 1.962000e+02 196
101 0.102044 0.216518 0.764588 0.100983 3.059520e+01 0.225167 218 196
111 0.099979 0.219579 0.759805 0.102285 3.308160e+01 0.269518 2.398000e+02 196
121 0.103373 0.226285 0.781760 0.105498 3.549360e+01 0.309205 2.616000e+02 196
131 0.100854 0.231958 0.776699 0.107745 3.787680e+01 0.359170 2.834000e+02 196
141 0.097951 0.239718 0.802670 0.111321 4.022880e+01 0.408550 3.052000e+02 196
151 0.096264 0.244411 0.805727 0.113279 4.290240e+01 0.470248 327 196
161 0.095929 0.252270 0.800996 0.116897 4.532160e+01 0.522781 3.488000e+02 196
171 0.096013 0.265079 0.809980 0.122708 4.789440e+01 0.585485 3.706000e+02 196
181 0.097217 0.273758 0.808764 0.126823 5.056080e+01 0.650582 3.924000e+02 196
191 0.095980 0.281964 0.809176 0.130015 5.293200e+01 0.709066 4.142000e+02 196
201 0.098890 0.297895 0.806727 0.137504 5.562720e+01 0.776797 436 196
211 0.099339 0.305114 0.798939 0.141174 5.815920e+01 0.839070 4.578000e+02 196
221 0.099091 0.312654 0.799592 0.144773 6.040800e+01 0.900374 4.796000e+02 196
231 0.101300 0.322546 0.805283 0.148549 6.293760e+01 0.965059 5.014000e+02 196
241 0.100215 0.328258 0.801547 0.151301 6.533520e+01 1.037820 5.232000e+02 196
251 0.100838 0.336330 0.803168 0.154911 6.783360e+01 1.105386 545 196
261 0.101627 0.345738 0.804799 0.158938 7.015680e+01 1.176710 5.668000e+02 196
271 0.102538 0.351468 0.800168 0.161890 7.262160e+01 1.251036 5.886000e+02 196
281 0.101357 0.358208 0.798506 0.165115 7.506720e+01 1.334953 6.104000e+02 196
291 0.099442 0.364460 0.793946 0.168099 7.730640e+01 1.409692 6.322000e+02 196
301 0.100212 0.371989 0.792897 0.171626 7.988400e+01 1.499161 654 196
311 0.101424 0.380322 0.789086 0.175666 8.246640e+01 1.590451 6.758000e+02 196
321 0.100403 0.387800 0.784033 0.179168 8.485920e+01 1.676249 6.976000e+02 196
331 0.100580 0.395427 0.785550 0.182428 8.724960e+01 1.761662 7.194000e+02 196
341 0.100172 0.402980 0.782573 0.185790 8.965200e+01 1.849434 7.412000e+02 196
351 0.101589 0.410289 0.778233 0.189387 9.222240e+01 1.936575 763 196
361 0.101222 0.416967 0.775032 0.192512 9.454320e+01 2.031793 7.848000e+02 196
371 0.101274 0.422771 0.771695 0.195344 9.685920e+01 2.110686 8.066000e+02 196
381 0.102235 0.426891 0.769464 0.197490 9.912000e+01 2.194813 8.284000e+02 196
391 0.102784 0.433381 0.768801 0.200360 1.013640e+02 2.291708 8.502000e+02 196
401 0.102330 0.436765 0.766082 0.201884 1.037760e+02 2.384177 872 196
411 0.102789 0.442212 0.767742 0.204546 1.060488e+02 2.471319 8.938000e+02 196
421 0.102358 0.446959 0.769570 0.206841 1.083552e+02 2.574674 9.156000e+02 196
431 0.103035 0.453319 0.765666 0.209723 1.107960e+02 2.685682 9.374000e+02 196
441 0.103286 0.460273 0.764818 0.212889 1.131888e+02 2.796077 9.592000e+02 196
451 0.102741 0.463403 0.764096 0.214137 1.154976e+02 2.900434 981 196
461 0.102507 0.467023 0.762423 0.215972 1.176408e+02 2.998551 1.002800e+03 196
471 0.102022 0.473670 0.758964 0.218979 1.198488e+02 3.103373 1.024600e+03 196
481 0.101828 0.478397 0.755937 0.221258 1.222896e+02 3.218224 1.046400e+03 196
491 0.101811 0.484751 0.753962 0.224077 1.245384e+02 3.320616 1.068200e+03 196
501 0.101791 0.488279 0.750896 0.226007 1.268544e+02 3.435334 1090 196
