0 0.000000 0.000000 0.000000 0.000000 6.297600e+00 0.004566 0 272
10 0.090211 1.193100 0.244305 0.320386 8.980800e+00 0.012153 3.680000e+01 2.942000e+02
20 0.087116 1.184072 0.374632 0.321309 1.176960e+01 0.025221 7.360000e+01 3.194000e+02
30 0.090592 1.237374 0.437736 0.336168 1.486560e+01 0.044271 1.104000e+02 3.436000e+02
40 0.089647 1.277823 0.469798 0.348129 1.767360e+01 0.066920 1.472000e+02 368
50 0.086776 1.286812 0.485365 0.351195 2.028960e+01 0.093110 184 3.918000e+02
60 0.084266 1.309246 0.491636 0.358592 2.292480e+01 0.123453 2.208000e+02 414
70 0.083354 1.310634 0.527590 0.359633 2.562720e+01 0.160519 2.576000e+02 4.406000e+02
80 0.081532 1.304048 0.535281 0.358898 2.822400e+01 0.200108 2.944000e+02 463
90 0.080668 1.321679 0.545003 0.362976 3.086400e+01 0.247492 3.312000e+02 486
100 0.080433 1.331504 0.556743 0.364877 3.342240e+01 0.293753 368 5.062000e+02
110 0.079903 1.335913 0.560600 0.366468 3.597120e+01 0.342032 4.048000e+02 528
120 0.079332 1.352962 0.568859 0.370831 3.873120e+01 0.395430 4.416000e+02 5.494000e+02
130 0.078404 1.350488 0.575749 0.370944 4.116960e+01 0.451878 4.784000e+02 5.704000e+02
140 0.079112 1.366900 0.582013 0.375340 4.402560e+01 0.518777 5.152000e+02 5.916000e+02
150 0.078793 1.374411 0.576997 0.377793 4.664160e+01 0.584115 552 6.138000e+02
160 0.079383 1.383239 0.578385 0.380570 4.949280e+01 0.667293 5.888000e+02 6.402000e+02
170 0.078864 1.386952 0.571727 0.381037 5.182080e+01 0.745650 6.256000e+02 658
180 0.078703 1.399878 0.571390 0.384521 5.432160e+01 0.825847 6.624000e+02 6.778000e+02
190 0.077725 1.401987 0.567907 0.385240 5.676960e+01 0.908177 6.992000e+02 6.994000e+02
200 0.077324 1.410851 0.564920 0.387735 5.934720e+01 1.007614 736 7.232000e+02
210 0.078004 1.427081 0.568382 0.392604 6.193920e+01 1.108755 7.728000e+02 740
220 0.077955 1.437176 0.568211 0.395557 6.423840e+01 1.205543 8.096000e+02 7.584000e+02
230 0.077486 1.445997 0.567250 0.397714 6.664320e+01 1.306278 8.464000e+02 778
240 0.076977 1.453243 0.563659 0.399622 6.916800e+01 1.426744 8.832000e+02 7.984000e+02
250 0.076567 1.458335 0.559316 0.401031 7.155840e+01 1.525093 920 816
260 0.076380 1.466871 0.562044 0.403211 7.391520e+01 1.642312 9.568000e+02 8.346000e+02
270 0.076302 1.476263 0.559207 0.406097 7.641600e+01 1.769316 9.936000e+02 8.518000e+02
280 0.075929 1.482857 0.554311 0.408000 7.896000e+01 1.893503 1.030400e+03 8.726000e+02
290 0.075755 1.490328 0.555967 0.410140 8.134080e+01 2.029145 1.067200e+03 8.926000e+02
300 0.075413 1.497317 0.555510 0.411991 8.377920e+01 2.179597 1104 9.112000e+02
310 0.075362 1.501315 0.556200 0.413177 8.640000e+01 2.327710 1.140800e+03 9.298000e+02
320 0.075113 1.508117 0.559400 0.415044 8.882880e+01 2.473117 1.177600e+03 947
330 0.074780 1.516362 0.557981 0.417326 9.112800e+01 2.630839 1.214400e+03 9.636000e+02
340 0.074697 1.526463 0.556599 0.419986 9.357600e+01 2.792689 1.251200e+03 9.834000e+02
350 0.074594 1.532606 0.556231 0.421640 9.589920e+01 2.951013 1288 1.000600e+03
360 0.074339 1.539457 0.553004 0.423339 9.833760e+01 3.138406 1.324800e+03 1.019200e+03
370 0.074255 1.545964 0.551812 0.425124 1.007280e+02 3.318208 1.361600e+03 1.034400e+03
380 0.074167 1.553035 0.556836 0.427207 1.029744e+02 3.483153 1.398400e+03 1.047800e+03
390 0.074091 1.555924 0.554291 0.427957 1.052592e+02 3.674828 1.435200e+03 1.065600e+03
400 0.073833 1.556027 0.553051 0.428087 1.074144e+02 3.872329 1472 1.080200e+03
410 0.073695 1.559540 0.552567 0.429038 1.096416e+02 4.058297 1.508800e+03 1.097800e+03
420 0.073670 1.567573 0.552815 0.431276 1.119168e+02 4.253159 1.545600e+03 1.113800e+03
430 0.073915 1.575794 0.552961 0.433447 1.144512e+02 4.479575 1.582400e+03 1.130200e+03
440 0.073821 1.579132 0.551032 0.434322 1.166640e+02 4.695677 1.619200e+03 1.146800e+03
450 0.073834 1.584029 0.548928 0.435553 1.188336e+02 4.898650 1656 1.157400e+03
460 0.073837 1.590463 0.547325 0.437378 1.211040e+02 5.116842 1.692800e+03 1.172800e+03
470 0.073932 1.596656 0.548300 0.439162 1.235568e+02 5.361107 1.729600e+03 1.191200e+03
480 0.073767 1.597136 0.546308 0.439357 1.258128e+02 5.592883 1.766400e+03 1.206800e+03
490 0.073594 1.601267 0.544878 0.440560 1.280016e+02 5.818295 1.803200e+03 1.220400e+03
500 0.073644 1.610449 0.545498 0.443078 1.302432e+02 6.051430 1840 1233
510 0.073657 1.615736 0.542915 0.444490 1.325088e+02 6.297316 1.876800e+03 1.246400e+03
520 0.073667 1.619280 0.540518 0.445386 1.348752e+02 6.550602 1.913600e+03 1.262200e+03
530 0.073955 1.624204 0.539881 0.446642 1.371984e+02 6.823539 1.950400e+03 1.274400e+03
540 0.073922 1.627817 0.538484 0.447595 1.395456e+02 7.115348 1.987200e+03 1.287400e+03
550 0.073948 1.630888 0.538476 0.448523 1.417968e+02 7.380427 2024 1.301200e+03
560 0.074026 1.634712 0.537089 0.449612 1.442016e+02 7.672270 2.060800e+03 1.316200e+03
570 0.074002 1.637236 0.535542 0.450256 1.464048e+02 7.929331 2.097600e+03 1.327600e+03
580 0.074004 1.643112 0.534933 0.451750 1.485888e+02 8.225234 2.134400e+03 1.336800e+03
590 0.074042 1.647852 0.534606 0.453042 1.508640e+02 8.496945 2.171200e+03 1.349800e+03
600 0.074051 1.650238 0.532808 0.453678 1.531344e+02 8.793010 2208 1.363400e+03
