0 0.000000 0.000000 0.000000 0.000000 5.880000e+00 0.003432 0 252
10 0.081669 0.809154 0.200000 0.266667 8.088000e+00 0.009513 30 274
20 0.068306 0.804458 0.238095 0.266667 1.017600e+01 0.018586 60 294
30 0.068191 0.970280 0.472727 0.322222 1.245600e+01 0.029574 90 312
40 0.065443 0.902498 0.462687 0.300000 1.473600e+01 0.044625 120 332
50 0.060755 0.962134 0.466667 0.320000 1.658400e+01 0.060991 150 353
60 0.063864 1.001858 0.478261 0.333333 1.891200e+01 0.080989 180 367
70 0.067634 1.044533 0.537975 0.347619 2.150400e+01 0.111297 210 387
80 0.068659 1.063992 0.522472 0.354167 2.383200e+01 0.140774 240 411
90 0.066785 1.079107 0.538095 0.359259 2.599200e+01 0.166411 270 430
100 0.066162 1.091216 0.524017 0.363333 2.803200e+01 0.195754 300 442
110 0.066031 1.092027 0.518072 0.363636 3.009600e+01 0.222969 330 462
120 0.067584 1.117717 0.529825 0.372222 3.271200e+01 0.260133 360 492
130 0.070096 1.147153 0.513072 0.382051 3.520800e+01 0.304819 390 507
140 0.069640 1.150920 0.510638 0.383333 3.698400e+01 0.336291 420 517
150 0.071309 1.154202 0.571782 0.384444 3.919200e+01 0.373868 450 533
160 0.070993 1.157055 0.563679 0.385417 4.130400e+01 0.402580 480 554
170 0.072062 1.165465 0.564835 0.388235 4.332000e+01 0.441013 510 571
180 0.072524 1.161830 0.566390 0.387037 4.540800e+01 0.492346 540 585
190 0.072272 1.169108 0.558648 0.389474 4.768800e+01 0.542617 570 604
200 0.072716 1.185667 0.576786 0.395000 5.006400e+01 0.610019 600 629
210 0.072738 1.200284 0.572156 0.400000 5.200800e+01 0.661677 630 642
220 0.073805 1.218452 0.583204 0.406061 5.414400e+01 0.716684 660 655
230 0.073132 1.235391 0.577381 0.411594 5.625600e+01 0.786801 690 673
240 0.072452 1.242253 0.568741 0.413889 5.827200e+01 0.831017 720 686
250 0.071484 1.248089 0.561798 0.416000 6.031200e+01 0.886358 750 698
260 0.071521 1.258236 0.560484 0.419231 6.242400e+01 0.964150 780 716
270 0.070895 1.259787 0.554391 0.419753 6.415200e+01 1.021637 810 727
280 0.070057 1.268363 0.550633 0.422619 6.590400e+01 1.091907 840 742
290 0.069676 1.272906 0.552184 0.424138 6.753600e+01 1.154069 870 753
300 0.069343 1.277144 0.553092 0.425556 6.996000e+01 1.231256 900 779
310 0.068773 1.277880 0.545872 0.425806 7.212000e+01 1.302028 930 794
320 0.069024 1.281465 0.546961 0.427083 7.423200e+01 1.366851 960 808
330 0.069236 1.288320 0.543502 0.429293 7.605600e+01 1.434954 990 819
340 0.069191 1.282781 0.540569 0.427451 7.792800e+01 1.511137 1020 835
350 0.068737 1.288983 0.540265 0.429524 7.989600e+01 1.594190 1050 859
360 0.068780 1.297623 0.542157 0.432407 8.174400e+01 1.675481 1080 869
370 0.068339 1.297690 0.538017 0.432432 8.364000e+01 1.764996 1110 877
380 0.068036 1.295118 0.534532 0.431579 8.568000e+01 1.857847 1140 902
390 0.067652 1.295242 0.530669 0.431624 8.736000e+01 1.956402 1170 915
400 0.068339 1.307868 0.533868 0.435833 9.004800e+01 2.054792 1200 946
410 0.067678 1.305238 0.528634 0.434959 9.156000e+01 2.137266 1230 958
420 0.067759 1.307492 0.530769 0.435714 9.326400e+01 2.220896 1260 963
430 0.068220 1.304991 0.532110 0.434884 9.547200e+01 2.319744 1290 974
440 0.068565 1.318332 0.529221 0.439394 9.758400e+01 2.445214 1320 997
450 0.068537 1.313659 0.542923 0.437778 9.969600e+01 2.531985 1350 1018
460 0.068288 1.315540 0.540274 0.438406 1.014480e+02 2.647267 1380 1030
470 0.068583 1.332233 0.539028 0.443972 1.034640e+02 2.763025 1410 1043
480 0.068415 1.337813 0.535792 0.445833 1.051200e+02 2.846423 1440 1056
490 0.068313 1.347250 0.531583 0.448980 1.068480e+02 2.956996 1470 1068
500 0.068128 1.352303 0.527933 0.450667 1.084080e+02 3.080793 1500 1073
510 0.067992 1.360921 0.523679 0.453595 1.105680e+02 3.227234 1530 1097
520 0.067859 1.365678 0.519296 0.455128 1.125360e+02 3.338477 1560 1112
530 0.068026 1.375761 0.520395 0.458491 1.147680e+02 3.443467 1590 1146
540 0.067863 1.379752 0.520283 0.459877 1.164000e+02 3.541894 1620 1152
550 0.067863 1.387558 0.518916 0.462424 1.181280e+02 3.679560 1650 1159
560 0.068063 1.387777 0.532491 0.462500 1.200720e+02 3.792601 1680 1182
570 0.067840 1.391504 0.529656 0.463743 1.216800e+02 3.921857 1710 1188
580 0.067738 1.388197 0.526471 0.462644 1.235280e+02 4.047140 1740 1208
590 0.067973 1.396879 0.525892 0.465537 1.254720e+02 4.156491 1770 1216
600 0.068079 1.400052 0.523810 0.466667 1.273200e+02 4.291359 1800 1228
