0 0.000000 0.000000 0.000000 0.000000 7.934400e+00 0.004126 0 3.398000e+02
10 0.118997 0.122768 0.266667 0.034455 1.229760e+01 0.015304 3.840000e+01 3.666000e+02
20 0.103476 0.101059 0.514286 0.028574 1.653600e+01 0.033115 7.680000e+01 3.932000e+02
30 0.064567 0.187972 0.599933 0.049894 2.090880e+01 0.058366 1.152000e+02 4.234000e+02
40 0.067480 0.241250 0.637276 0.064852 2.501280e+01 0.087174 1.536000e+02 4.512000e+02
50 0.076905 0.277132 0.644512 0.076328 2.909760e+01 0.114305 192 4.816000e+02
60 0.078938 0.294368 0.696617 0.079460 3.312000e+01 0.144893 2.304000e+02 5.092000e+02
70 0.079048 0.332419 0.716551 0.090176 3.726240e+01 0.176739 2.688000e+02 5.378000e+02
80 0.086118 0.386005 0.748481 0.105201 4.134240e+01 0.215876 3.072000e+02 5.682000e+02
90 0.084573 0.416523 0.744829 0.112768 4.529280e+01 0.249279 3.456000e+02 593
100 0.090176 0.446835 0.739604 0.121177 4.958400e+01 0.293149 384 6.202000e+02
110 0.089575 0.466311 0.744423 0.126786 5.339520e+01 0.332404 4.224000e+02 6.494000e+02
120 0.091001 0.489180 0.755886 0.132965 5.729280e+01 0.379329 4.608000e+02 6.766000e+02
130 0.089977 0.513089 0.757857 0.139372 6.133440e+01 0.430607 4.992000e+02 7.148000e+02
140 0.091789 0.535080 0.760672 0.144937 6.490080e+01 0.468002 5.376000e+02 7.418000e+02
150 0.091169 0.559527 0.759226 0.151787 6.863040e+01 0.515017 576 772
160 0.088599 0.569499 0.756178 0.154854 7.242240e+01 0.561971 6.144000e+02 7.998000e+02
170 0.090135 0.588948 0.780339 0.160349 7.641120e+01 0.612618 6.528000e+02 8.286000e+02
180 0.090049 0.611673 0.773613 0.166577 8.041440e+01 0.656008 6.912000e+02 8.588000e+02
190 0.088758 0.620554 0.769986 0.168915 8.407680e+01 0.697672 7.296000e+02 8.842000e+02
200 0.087528 0.626657 0.766271 0.170383 8.775840e+01 0.738050 768 914
210 0.085719 0.638612 0.765921 0.173883 9.137280e+01 0.782150 8.064000e+02 9.436000e+02
220 0.084833 0.652439 0.765161 0.177489 9.502560e+01 0.827165 8.448000e+02 9.678000e+02
230 0.086244 0.671043 0.764319 0.182448 9.880800e+01 0.878181 8.832000e+02 996
240 0.085410 0.683049 0.766686 0.186156 1.024176e+02 0.929423 9.216000e+02 1.018800e+03
250 0.085313 0.702986 0.767222 0.191301 1.059456e+02 0.978591 960 1.046200e+03
260 0.084761 0.707490 0.765867 0.192343 1.096512e+02 1.027072 9.984000e+02 1.073800e+03
270 0.085918 0.721936 0.768219 0.196208 1.131024e+02 1.074678 1.036800e+03 1.099600e+03
280 0.085904 0.734826 0.766093 0.199867 1.171248e+02 1.128068 1.075200e+03 1.133400e+03
290 0.085732 0.747425 0.761460 0.203645 1.208352e+02 1.186125 1.113600e+03 1161
300 0.085580 0.757194 0.762359 0.206493 1.243152e+02 1.239067 1152 1.189800e+03
310 0.085724 0.767580 0.758544 0.209255 1.278384e+02 1.295656 1.190400e+03 1.216400e+03
320 0.085715 0.777381 0.754732 0.212054 1.314528e+02 1.347648 1.228800e+03 1.246800e+03
330 0.085152 0.784132 0.749754 0.214065 1.349568e+02 1.405769 1.267200e+03 1269
340 0.085124 0.795148 0.745416 0.217384 1.387056e+02 1.469500 1.305600e+03 1.303400e+03
350 0.084899 0.800459 0.743372 0.218692 1.423824e+02 1.527812 1344 1331
360 0.084648 0.808801 0.742071 0.220852 1.458384e+02 1.593511 1.382400e+03 1.360800e+03
370 0.085033 0.817726 0.740882 0.223308 1.494768e+02 1.656442 1.420800e+03 1.383400e+03
380 0.085318 0.826701 0.743878 0.225672 1.529616e+02 1.706165 1.459200e+03 1.409600e+03
390 0.086200 0.839368 0.743692 0.228837 1.568256e+02 1.762866 1.497600e+03 1.442200e+03
400 0.086076 0.850423 0.741450 0.231393 1.603152e+02 1.821140 1536 1.466600e+03
410 0.085748 0.861357 0.738713 0.234136 1.638480e+02 1.884104 1.574400e+03 1.496600e+03
420 0.085787 0.872838 0.739698 0.237395 1.673952e+02 1.939285 1.612800e+03 1.529400e+03
430 0.086003 0.883655 0.736935 0.240082 1.707936e+02 1.992620 1.651200e+03 1.559200e+03
440 0.086261 0.894928 0.734080 0.243001 1.743744e+02 2.047214 1.689600e+03 1.590600e+03
450 0.086918 0.908830 0.733955 0.246788 1.779120e+02 2.095167 1728 1.613200e+03
460 0.086646 0.915629 0.730461 0.248799 1.812336e+02 2.144954 1.766400e+03 1.643200e+03
470 0.087042 0.923341 0.727769 0.250597 1.848720e+02 2.190956 1.804800e+03 1669
480 0.087215 0.932417 0.727648 0.253057 1.884816e+02 2.236102 1.843200e+03 1.699400e+03
490 0.087367 0.946096 0.725777 0.256617 1.918080e+02 2.293582 1.881600e+03 1729
500 0.087590 0.958754 0.721339 0.260030 1.950960e+02 2.348699 1920 1749
510 0.087811 0.968504 0.719885 0.262444 1.984608e+02 2.406375 1.958400e+03 1.775400e+03
520 0.087672 0.976885 0.718802 0.264663 2.018544e+02 2.457368 1.996800e+03 1.802600e+03
530 0.087556 0.986745 0.716459 0.267155 2.051376e+02 2.503997 2.035200e+03 1826
540 0.088066 0.997377 0.713831 0.269949 2.087136e+02 2.540338 2.073600e+03 1862
550 0.088422 1.007247 0.716082 0.272997 2.121504e+02 2.585527 2112 1.885600e+03
560 0.088219 1.012851 0.712905 0.274575 2.154576e+02 2.640310 2.150400e+03 1.909200e+03
570 0.088024 1.023497 0.712414 0.277192 2.188128e+02 2.692860 2.188800e+03 1.932800e+03
580 0.087935 1.031007 0.710026 0.279049 2.223168e+02 2.741563 2.227200e+03 1960
590 0.087923 1.042721 0.707986 0.282242 2.256240e+02 2.802512 2.265600e+03 1.982400e+03
600 0.087892 1.051985 0.704776 0.284577 2.288112e+02 2.862662 2304 2.008800e+03
