0 0.000000 0.000000 0.000000 0.000000 8.352000e+00 0.003537 0 3.524000e+02
10 0.020917 0.060812 0.100000 0.017763 1.284960e+01 0.013163 44 3.858000e+02
20 0.036688 0.080552 0.242857 0.021960 1.738560e+01 0.031635 88 4.166000e+02
30 0.032967 0.093718 0.375455 0.024785 2.211840e+01 0.062527 132 446
40 0.032461 0.100329 0.401176 0.027080 2.703360e+01 0.110702 176 4.784000e+02
50 0.042074 0.108261 0.589592 0.028272 3.136800e+01 0.156605 220 508
60 0.043938 0.113569 0.613968 0.030523 3.588960e+01 0.207909 264 5.428000e+02
70 0.045069 0.111624 0.608796 0.029758 4.007040e+01 0.267708 308 5.778000e+02
80 0.044703 0.105162 0.599877 0.027746 4.483200e+01 0.348209 352 608
90 0.073258 0.111262 0.800889 0.028919 4.933440e+01 0.424951 396 6.424000e+02
100 0.072208 0.112132 0.800794 0.028660 5.355360e+01 0.506571 440 673
110 0.072386 0.114669 0.825612 0.029106 5.788320e+01 0.603524 484 6.996000e+02
120 0.071145 0.115114 0.829178 0.029299 6.250080e+01 0.700064 528 7.322000e+02
130 0.070614 0.115490 0.825336 0.029266 6.661440e+01 0.796106 572 7.622000e+02
140 0.069547 0.117241 0.820653 0.029503 7.073760e+01 0.911105 616 7.932000e+02
150 0.106398 0.130762 0.837698 0.032650 7.513920e+01 1.046287 660 8.278000e+02
160 0.107873 0.136341 0.855232 0.034121 7.968480e+01 1.187596 704 860
170 0.107639 0.140088 0.850309 0.035075 8.434560e+01 1.340687 748 892
180 0.108393 0.142306 0.850771 0.035521 8.847840e+01 1.483397 792 9.208000e+02
190 0.108657 0.147450 0.844251 0.036751 9.302400e+01 1.662092 836 9.506000e+02
200 0.108632 0.152075 0.841836 0.037858 9.684960e+01 1.802207 880 9.782000e+02
210 0.108097 0.157217 0.843692 0.039204 1.014048e+02 1.991619 924 1.008400e+03
220 0.109157 0.164621 0.839996 0.041281 1.058448e+02 2.175060 968 1045
230 0.109053 0.164418 0.838384 0.041267 1.102896e+02 2.362861 1012 1.076600e+03
240 0.108519 0.169236 0.834536 0.042416 1.146480e+02 2.536687 1056 1.107400e+03
250 0.108419 0.175267 0.833500 0.043871 1.195200e+02 2.771737 1100 1141
260 0.108164 0.173911 0.831059 0.043557 1.238112e+02 2.953357 1144 1172
270 0.107766 0.179323 0.825094 0.044862 1.281600e+02 3.171585 1188 1.201800e+03
280 0.107547 0.180061 0.821712 0.044932 1.325808e+02 3.408224 1232 1.228200e+03
290 0.107995 0.183509 0.823533 0.045878 1.371216e+02 3.678236 1276 1.262600e+03
300 0.107967 0.186059 0.819757 0.046501 1.411776e+02 3.890763 1320 1.292600e+03
310 0.108025 0.191026 0.821782 0.047713 1.456224e+02 4.157054 1364 1.320600e+03
320 0.107707 0.193806 0.816362 0.048294 1.502016e+02 4.462861 1408 1353
330 0.108973 0.198237 0.826572 0.049283 1.545984e+02 4.735937 1452 1.382600e+03
340 0.100735 0.202996 0.829848 0.050279 1.590240e+02 5.039032 1496 1.414200e+03
350 0.101293 0.208626 0.833367 0.051658 1.631520e+02 5.275841 1540 1.447200e+03
360 0.097291 0.214499 0.838050 0.053037 1.676688e+02 5.603769 1584 1.479200e+03
370 0.097659 0.217891 0.837436 0.053738 1.718496e+02 5.885190 1628 1.509600e+03
380 0.098955 0.223212 0.833747 0.054884 1.761120e+02 6.183179 1672 1.542200e+03
390 0.093604 0.229283 0.830035 0.056380 1.803648e+02 6.502499 1716 1.569200e+03
400 0.094429 0.232552 0.830026 0.057072 1.850448e+02 6.878542 1760 1.600400e+03
410 0.092360 0.238097 0.830300 0.058090 1.893792e+02 7.217088 1804 1.631600e+03
420 0.092848 0.241479 0.829761 0.058786 1.933392e+02 7.518108 1848 1.661200e+03
430 0.091766 0.247491 0.828927 0.059943 1.975872e+02 7.842572 1892 1691
440 0.091958 0.251867 0.829017 0.060884 2.020752e+02 8.201065 1936 1.719400e+03
450 0.092527 0.254271 0.826650 0.061442 2.062848e+02 8.560581 1980 1.749200e+03
460 0.091931 0.257440 0.827304 0.062045 2.104416e+02 8.930495 2024 1.779400e+03
470 0.092102 0.259622 0.826925 0.062502 2.148432e+02 9.316841 2068 1.808800e+03
480 0.091769 0.266298 0.825448 0.063945 2.189472e+02 9.669317 2112 1.841600e+03
490 0.091417 0.270659 0.823745 0.064830 2.231232e+02 10.012791 2156 1870
500 0.091519 0.279648 0.824922 0.066776 2.274048e+02 10.444745 2200 1.898600e+03
510 0.092095 0.285145 0.823082 0.067914 2.316672e+02 10.831472 2244 1929
520 0.091783 0.290816 0.821550 0.069063 2.355600e+02 11.157823 2288 1.962400e+03
530 0.091724 0.295897 0.819072 0.070194 2.399520e+02 11.587584 2332 1.993800e+03
540 0.084847 0.300787 0.825370 0.071178 2.442384e+02 12.008505 2376 2.028600e+03
550 0.084698 0.305502 0.823360 0.072127 2.483472e+02 12.413415 2420 2.057800e+03
560 0.084884 0.309688 0.820914 0.072978 2.526576e+02 12.861158 2464 2.087800e+03
570 0.082461 0.314082 0.820397 0.073909 2.568336e+02 13.315817 2508 2.117800e+03
580 0.082580 0.320736 0.817651 0.075277 2.610000e+02 13.765259 2552 2.147400e+03
590 0.083191 0.326486 0.817625 0.076381 2.650080e+02 14.154358 2596 2.177800e+03
600 0.082978 0.330711 0.816256 0.077270 2.690112e+02 14.623454 2640 2.207600e+03
