0 0.000000 0.000000 0.000000 0.000000 7.948800e+00 0.004203 0 10
1.066150e-01 0.142641 0.200000 0.036710 12.124800 1.488695e-02 38.000000 20 1.317720e-01
1.716105e-01 0.567882 0.045441 16.440000 0.033624 76 30.000000 1.230273e-01 1.877457e-01
6.652381e-01 0.050150 20.649600 0.062896 114.000000 40 0.122825 1.908980e-01 7.326532e-01
5.131358e-02 24.547200 0.093621 152.000000 50.000000 1.185739e-01 0.192737 7.405428e-01 5.196861e-02
2.897760e+01 0.141674 190.000000 60.000000 0.116287 1.972960e-01 0.748727 5.256403e-02 3.307200e+01
1.911724e-01 228.000000 70.000000 0.116310 0.206465 7.685974e-01 0.054591 3.694080e+01 2.485529e-01
266 80.000000 0.102441 0.225478 0.799536 5.987960e-02 41.136000 3.147832e-01 304
90 0.112745 0.231773 0.819724 0.061573 4.537920e+01 0.390687 342 100
1.195294e-01 0.256272 0.815775 0.067753 49.766400 4.820566e-01 380.000000 110 1.195512e-01
2.694400e-01 0.826135 0.071329 53.808000 0.564183 418 120.000000 1.194467e-01 2.870124e-01
8.344184e-01 0.075843 57.868800 0.658243 456.000000 130 0.118672 2.957801e-01 8.287588e-01
7.779054e-02 61.800000 0.759343 494.000000 140.000000 1.155903e-01 0.301785 8.293491e-01 7.926987e-02
6.546240e+01 0.855050 532.000000 150.000000 0.116094 3.096993e-01 0.836662 8.139863e-02 6.953280e+01
9.494290e-01 570.000000 160.000000 0.114539 0.321615 8.424754e-01 0.084426 7.314720e+01 1.051598e+00
608 170.000000 0.115172 0.336939 0.841204 8.841578e-02 77.097600 1.170124e+00 646
180 0.114584 0.347012 0.847950 0.090969 8.099040e+01 1.282888 684 190
1.160713e-01 0.361406 0.851063 0.094395 84.825600 1.403217e+00 722.000000 200 1.182700e-01
3.783473e-01 0.851861 0.098769 89.064000 1.545683 760 210.000000 1.231636e-01 3.926597e-01
8.495949e-01 0.102226 92.664000 1.665021 798.000000 220 0.120913 4.039233e-01 8.451124e-01
1.051112e-01 96.825600 1.810275 836.000000 230.000000 1.202948e-01 0.410669 8.430684e-01 1.068892e-01
1.006848e+02 1.960613 874.000000 240.000000 0.118619 4.236662e-01 0.844284 1.100176e-01 1.047168e+02
2.109490e+00 912.000000 250.000000 0.120097 0.435487 8.462060e-01 0.113168 1.086624e+02 2.238638e+00
950 260.000000 0.121273 0.449562 0.845696 1.167751e-01 112.915200 2.412300e+00 988
270 0.122397 0.455877 0.843489 0.118214 1.168080e+02 2.573300 1026 280
1.221154e-01 0.463174 0.839060 0.120261 120.763200 2.752490e+00 1064.000000 290 1.224229e-01
4.741092e-01 0.841819 0.123050 124.742400 2.910089 1102 300.000000 1.230009e-01 4.822141e-01
8.432799e-01 0.125064 128.812800 3.094637 1140.000000 310 0.122861 4.892777e-01 8.427002e-01
1.266984e-01 132.576000 3.263087 1178.000000 320.000000 1.225357e-01 0.497902 8.415155e-01 1.288554e-01
1.364928e+02 3.416701 1216.000000 330.000000 0.122366 5.101618e-01 0.840620 1.316599e-01 1.402224e+02
3.582210e+00 1254.000000 340.000000 0.121940 0.516244 8.406839e-01 0.133071 1.440912e+02 3.777181e+00
1292 350.000000 0.122980 0.525972 0.839636 1.354865e-01 147.912000 3.941443e+00 1330
360 0.123437 0.539887 0.842492 0.139144 1.516368e+02 4.128091 1368 370
1.234947e-01 0.548908 0.838890 0.141422 155.592000 4.289365e+00 1406.000000 380 1.230751e-01
5.607614e-01 0.838314 0.144438 159.163200 4.460334 1444 390.000000 1.232179e-01 5.684471e-01
8.363297e-01 0.146200 162.705600 4.646719 1482.000000 400 0.122663 5.792286e-01 8.349712e-01
1.488500e-01 166.204800 4.830683 1520.000000 410.000000 1.224230e-01 0.585634 8.347644e-01 1.505457e-01
1.696896e+02 4.993108 1558.000000 420.000000 0.122763 6.016025e-01 0.833770 1.546020e-01 1.733760e+02
5.166291e+00 1596.000000 430.000000 0.123308 0.610505 8.314034e-01 0.156618 1.771872e+02 5.343063e+00
1634 440.000000 0.122499 0.617989 0.828079 1.585529e-01 181.022400 5.520976e+00 1672
450 0.122863 0.627825 0.825171 0.161088 1.847664e+02 5.701030 1710 460
1.221534e-01 0.640225 0.823433 0.164220 188.558400 5.881730e+00 1748.000000 470 1.216557e-01
6.520629e-01 0.820649 0.167232 192.072000 6.045768 1786 480.000000 1.215355e-01 6.618765e-01
8.175171e-01 0.169809 195.912000 6.240284 1824.000000 490 0.121458 6.736872e-01 8.157098e-01
1.728129e-01 199.713600 6.418217 1862.000000 500.000000 1.210324e-01 0.685046 8.133643e-01 1.755014e-01
2.036832e+02 6.591968 1900.000000 510.000000 0.120492 6.986715e-01 0.811623 1.790081e-01 2.072544e+02
6.760562e+00 1938.000000 520.000000 0.120057 0.708647 8.087677e-01 0.181716 2.108928e+02 6.931080e+00
1976 530.000000 0.120108 0.718749 0.805962 1.844485e-01 214.540800 7.118649e+00 2014
540 0.120366 0.729850 0.803315 0.187283 2.181744e+02 7.321805 2052 550
1.202506e-01 0.740234 0.801568 0.189842 221.419200 7.489689e+00 2090.000000 560 1.199653e-01
7.498786e-01 0.800128 0.192309 225.153600 7.689725 2128 570.000000 1.202649e-01 7.574577e-01
7.983514e-01 0.194242 228.892800 7.863805 2166.000000 580 0.119807 7.637029e-01 7.957040e-01
1.958984e-01 231.950400 8.030765 2204.000000 590.000000 1.197447e-01 0.773723 7.955015e-01 1.986397e-01
2.356896e+02 8.199729 2242.000000 600.000000 0.119634 7.835218e-01 0.792937 2.013640e-01 2.389728e+02
8.379325e+00 2280.000000 