0 0.000000 0.000000 0.000000 0.000000 6.840000e+00 0.004296 0 2.914000e+02
10 0.092481 1.033720 0.196154 0.257143 9.768000e+00 0.015028 3.960000e+01 3.196000e+02
20 0.084202 1.036622 0.414004 0.260714 1.278240e+01 0.033755 7.920000e+01 3.488000e+02
30 0.081553 1.124676 0.476264 0.283598 1.572960e+01 0.062756 1.188000e+02 3.764000e+02
40 0.079936 1.108528 0.517098 0.279167 1.854240e+01 0.098881 1.584000e+02 4.066000e+02
50 0.080244 1.110323 0.545820 0.280317 2.149920e+01 0.138055 198 435
60 0.081367 1.119055 0.578456 0.282804 2.447520e+01 0.190601 2.376000e+02 466
70 0.080638 1.162218 0.585783 0.293537 2.748480e+01 0.256179 2.772000e+02 4.946000e+02
80 0.079813 1.164554 0.576400 0.294246 3.041280e+01 0.326912 3.168000e+02 5.226000e+02
90 0.080416 1.192810 0.586590 0.301764 3.353280e+01 0.409787 3.564000e+02 5.544000e+02
100 0.079582 1.187030 0.592086 0.300714 3.644640e+01 0.492067 396 5.836000e+02
110 0.078828 1.190520 0.594210 0.301227 3.932160e+01 0.584606 4.356000e+02 6.124000e+02
120 0.079322 1.214614 0.601143 0.307606 4.240320e+01 0.706429 4.752000e+02 645
130 0.079331 1.225845 0.603268 0.310317 4.529280e+01 0.830277 5.148000e+02 6.738000e+02
140 0.079164 1.241320 0.610734 0.314172 4.822560e+01 0.961309 5.544000e+02 7.032000e+02
150 0.079163 1.252936 0.606297 0.317196 5.126400e+01 1.113830 594 7.348000e+02
160 0.078939 1.251157 0.609573 0.316716 5.419680e+01 1.262533 6.336000e+02 764
170 0.078686 1.262148 0.614207 0.319701 5.711520e+01 1.428102 6.732000e+02 7.956000e+02
180 0.078469 1.268789 0.614294 0.321384 5.997600e+01 1.602200 7.128000e+02 8.246000e+02
190 0.078283 1.283871 0.616771 0.325188 6.289440e+01 1.792156 7.524000e+02 853
200 0.078100 1.296834 0.615611 0.328373 6.575040e+01 1.998358 792 8.778000e+02
210 0.077865 1.310195 0.615621 0.331784 6.859200e+01 2.209393 8.316000e+02 904
220 0.077648 1.324242 0.613087 0.335462 7.152960e+01 2.434795 8.712000e+02 9.308000e+02
230 0.077599 1.332057 0.609387 0.337371 7.446720e+01 2.679087 9.108000e+02 9.594000e+02
240 0.077446 1.344749 0.608990 0.340608 7.728960e+01 2.936589 9.504000e+02 9.848000e+02
250 0.077132 1.351774 0.607120 0.342349 8.013120e+01 3.194195 990 1.015800e+03
260 0.077111 1.366888 0.607225 0.346123 8.326080e+01 3.510392 1.029600e+03 1.048200e+03
270 0.076772 1.377582 0.607101 0.348942 8.614560e+01 3.804496 1.069200e+03 1.074800e+03
280 0.076773 1.386989 0.603313 0.351304 8.903040e+01 4.120809 1.108800e+03 1.102200e+03
290 0.076610 1.397224 0.600802 0.353749 9.179520e+01 4.451143 1.148400e+03 1.130200e+03
300 0.076329 1.407277 0.596525 0.356349 9.472800e+01 4.790151 1188 1.153600e+03
310 0.076420 1.414749 0.596779 0.358244 9.768000e+01 5.128871 1.227600e+03 1.182600e+03
320 0.076447 1.429150 0.598233 0.361905 1.006176e+02 5.507152 1.267200e+03 1.208600e+03
330 0.076615 1.441677 0.595369 0.365200 1.036272e+02 5.903700 1.306800e+03 1.234600e+03
340 0.076472 1.452342 0.592207 0.367834 1.064832e+02 6.303295 1.346400e+03 1264
350 0.076404 1.461058 0.587731 0.370023 1.093776e+02 6.699470 1386 1.290800e+03
360 0.076272 1.465044 0.589169 0.371032 1.121376e+02 7.104492 1.425600e+03 1.315800e+03
370 0.076212 1.475153 0.587840 0.373595 1.150464e+02 7.555535 1.465200e+03 1.343400e+03
380 0.076107 1.480405 0.584753 0.374937 1.178592e+02 8.004087 1.504800e+03 1.368200e+03
390 0.076019 1.488175 0.583157 0.376923 1.207056e+02 8.449825 1.544400e+03 1.393800e+03
400 0.075967 1.501422 0.581895 0.380317 1.237536e+02 8.971051 1584 1.421200e+03
410 0.075960 1.507740 0.579837 0.381959 1.266672e+02 9.468829 1.623600e+03 1450
420 0.075878 1.512805 0.580625 0.383220 1.295328e+02 9.954322 1.663200e+03 1.475600e+03
430 0.075877 1.521351 0.579823 0.385364 1.325376e+02 10.488378 1.702800e+03 1.500600e+03
440 0.075724 1.522786 0.577001 0.385804 1.354032e+02 11.005605 1.742400e+03 1526
450 0.075636 1.526695 0.576207 0.386737 1.383120e+02 11.544517 1782 1.552400e+03
460 0.075727 1.530807 0.575207 0.387854 1.412592e+02 12.095645 1.821600e+03 1.576600e+03
470 0.075635 1.536650 0.574914 0.389243 1.440816e+02 12.642147 1.861200e+03 1.598600e+03
480 0.075474 1.540058 0.572864 0.390030 1.468992e+02 13.241661 1.900800e+03 1.625800e+03
490 0.075638 1.544783 0.574752 0.391205 1.498512e+02 13.830176 1.940400e+03 1.649400e+03
500 0.075545 1.550859 0.573888 0.392714 1.526832e+02 14.464928 1980 1.674600e+03
510 0.075501 1.555605 0.572496 0.394024 1.556208e+02 15.102784 2.019600e+03 1.702600e+03
520 0.075573 1.562702 0.571457 0.395772 1.585968e+02 15.759105 2.059200e+03 1.727800e+03
530 0.075504 1.568293 0.571692 0.397215 1.613328e+02 16.415569 2.098800e+03 1.749400e+03
540 0.075489 1.574089 0.569136 0.398648 1.642080e+02 17.090573 2.138400e+03 1773
550 0.075484 1.582860 0.567554 0.400880 1.670928e+02 17.783530 2178 1.794400e+03
560 0.075417 1.586468 0.566335 0.401757 1.698288e+02 18.450387 2.217600e+03 1.816800e+03
570 0.075344 1.589512 0.564644 0.402534 1.726032e+02 19.171368 2.257200e+03 1.842200e+03
580 0.075214 1.592782 0.562900 0.403366 1.752432e+02 19.850571 2.296800e+03 1.863600e+03
590 0.075244 1.598005 0.563388 0.404668 1.781568e+02 20.629133 2.336400e+03 1.888600e+03
600 0.075222 1.602368 0.561315 0.405728 1.809600e+02 21.380073 2376 1.911200e+03
