0 0.000000 0.000000 0.000000 0.000000 6.571200e+00 0.003824 0 2.804000e+02
10 0.094321 0.937319 0.217045 0.252269 9.312000e+00 0.013559 3.680000e+01 3.038000e+02
20 0.093841 0.919758 0.360999 0.243047 1.208160e+01 0.030761 7.360000e+01 3.294000e+02
30 0.086002 0.878786 0.460441 0.235224 1.476480e+01 0.053207 1.104000e+02 3.566000e+02
40 0.086831 0.859036 0.531787 0.230204 1.759200e+01 0.084083 1.472000e+02 384
50 0.085983 0.846999 0.540368 0.229610 2.034720e+01 0.120053 184 4.108000e+02
60 0.085450 0.855856 0.568512 0.232855 2.303520e+01 0.161373 2.208000e+02 4.384000e+02
70 0.082605 0.868115 0.579216 0.236789 2.575680e+01 0.209069 2.576000e+02 464
80 0.081127 0.869077 0.591249 0.236855 2.857440e+01 0.269581 2.944000e+02 4.914000e+02
90 0.081527 0.879576 0.618996 0.239628 3.135360e+01 0.335597 3.312000e+02 5.192000e+02
100 0.080616 0.897660 0.640212 0.244528 3.412800e+01 0.406140 368 5.426000e+02
110 0.080434 0.908803 0.641871 0.247384 3.691200e+01 0.490582 4.048000e+02 5.686000e+02
120 0.079310 0.924471 0.645980 0.251354 3.966240e+01 0.582715 4.416000e+02 5.934000e+02
130 0.078763 0.941348 0.655710 0.256412 4.228800e+01 0.681632 4.784000e+02 6.172000e+02
140 0.078883 0.955615 0.660745 0.260172 4.509600e+01 0.793398 5.152000e+02 6.428000e+02
150 0.079054 0.969253 0.662606 0.263822 4.779840e+01 0.904525 552 667
160 0.079606 0.988638 0.660942 0.268524 5.070720e+01 1.045674 5.888000e+02 6.938000e+02
170 0.079526 1.005695 0.658091 0.273387 5.352000e+01 1.189877 6.256000e+02 722
180 0.079437 1.021053 0.660057 0.277435 5.630400e+01 1.342600 6.624000e+02 7.452000e+02
190 0.079630 1.028416 0.656833 0.279832 5.922720e+01 1.497743 6.992000e+02 7.736000e+02
200 0.079244 1.040998 0.650898 0.283624 6.187680e+01 1.665915 736 7.982000e+02
210 0.079035 1.045726 0.649505 0.284919 6.466080e+01 1.834116 7.728000e+02 8.252000e+02
220 0.078658 1.051838 0.646729 0.286490 6.721440e+01 2.006435 8.096000e+02 8.532000e+02
230 0.079374 1.058108 0.651649 0.288318 7.001280e+01 2.190707 8.464000e+02 8.756000e+02
240 0.079406 1.069114 0.655572 0.291146 7.271040e+01 2.391221 8.832000e+02 9.008000e+02
250 0.079297 1.072820 0.652071 0.292417 7.539360e+01 2.582322 920 9.266000e+02
260 0.079362 1.085348 0.653355 0.296193 7.824480e+01 2.815691 9.568000e+02 9.528000e+02
270 0.079366 1.093363 0.653372 0.298213 8.107680e+01 3.042806 9.936000e+02 9.786000e+02
280 0.078942 1.095752 0.651623 0.298698 8.355840e+01 3.263197 1.030400e+03 1.002600e+03
290 0.078775 1.100723 0.647982 0.300055 8.616480e+01 3.491879 1.067200e+03 1.025800e+03
300 0.078752 1.108707 0.646338 0.302244 8.881440e+01 3.722644 1104 1050
310 0.078787 1.109070 0.648841 0.302488 9.145920e+01 3.953781 1.140800e+03 1.072800e+03
320 0.078632 1.108783 0.647157 0.302366 9.402720e+01 4.187886 1.177600e+03 1.095800e+03
330 0.078588 1.112711 0.644881 0.303419 9.666240e+01 4.466840 1.214400e+03 1.119400e+03
340 0.078740 1.122974 0.648013 0.306012 9.936000e+01 4.758109 1.251200e+03 1.142200e+03
350 0.078737 1.129161 0.648131 0.307500 1.021152e+02 5.043955 1288 1.167800e+03
360 0.078910 1.140470 0.646704 0.310752 1.049424e+02 5.370549 1.324800e+03 1.191800e+03
370 0.078826 1.142728 0.648072 0.311488 1.076736e+02 5.669118 1.361600e+03 1.219800e+03
380 0.078830 1.151554 0.645438 0.313847 1.104000e+02 6.009108 1.398400e+03 1.242200e+03
390 0.078704 1.155929 0.642205 0.315186 1.130064e+02 6.325031 1.435200e+03 1263
400 0.078477 1.161049 0.638436 0.316518 1.156608e+02 6.659343 1472 1.287200e+03
410 0.078516 1.166859 0.637754 0.318150 1.184688e+02 7.026961 1.508800e+03 1.313400e+03
420 0.078367 1.172391 0.637162 0.319715 1.209792e+02 7.370015 1.545600e+03 1.336600e+03
430 0.078222 1.176761 0.634667 0.320860 1.234848e+02 7.726894 1.582400e+03 1.360200e+03
440 0.078120 1.176864 0.631435 0.321051 1.261056e+02 8.052295 1.619200e+03 1.382600e+03
450 0.078113 1.183128 0.631037 0.322729 1.289328e+02 8.449958 1656 1408
460 0.078118 1.190016 0.633960 0.324639 1.316160e+02 8.868515 1.692800e+03 1430
470 0.078224 1.192394 0.633582 0.325282 1.343136e+02 9.290186 1.729600e+03 1.453200e+03
480 0.078418 1.200024 0.630983 0.327484 1.372032e+02 9.750982 1.766400e+03 1.475600e+03
490 0.078382 1.206405 0.636427 0.329365 1.400256e+02 10.200145 1.803200e+03 1.499600e+03
500 0.078234 1.210852 0.634541 0.330526 1.427520e+02 10.648081 1840 1.528200e+03
510 0.078197 1.214865 0.633506 0.331749 1.454880e+02 11.090421 1.876800e+03 1.551800e+03
520 0.078060 1.221190 0.630581 0.333466 1.481568e+02 11.594059 1.913600e+03 1.573400e+03
530 0.078192 1.227558 0.630077 0.335078 1.508928e+02 12.067909 1.950400e+03 1.593600e+03
540 0.078030 1.233375 0.627919 0.336719 1.535040e+02 12.572802 1.987200e+03 1.617400e+03
550 0.077933 1.236801 0.624828 0.337699 1.561440e+02 13.069088 2024 1.640200e+03
