1 0.000000 0.000000 0.000000 0.000000 2.328000e+00 0.000012 0
6 0.075388 0.437487 0.333333 0.400000 5.736000e+00 0.000626 5
11 0.113380 0.523772 0.285714 0.500000 8.232000e+00 0.003338 10
16 0.107511 0.482290 0.363636 0.466667 9.720000e+00 0.007236 15
21 0.096214 0.561936 0.388889 0.550000 1.144800e+01 0.013795 20
26 0.090693 0.570383 0.333333 0.560000 1.262400e+01 0.017228 25
31 0.084021 0.609309 0.357143 0.600000 1.322400e+01 0.025592 30
36 0.080382 0.665841 0.303030 0.657143 1.348800e+01 0.030354 35
41 0.078250 0.657491 0.315789 0.650000 1.500000e+01 0.040285 40
46 0.078253 0.672997 0.302326 0.666667 1.528800e+01 0.046785 45
51 0.078110 0.686228 0.291667 0.680000 1.560000e+01 0.054139 50
56 0.076723 0.715038 0.264151 0.709091 1.677600e+01 0.062720 55
61 0.074886 0.738955 0.241379 0.733333 1.732800e+01 0.077390 60
66 0.074442 0.743669 0.238095 0.738462 1.756800e+01 0.086786 65
71 0.074238 0.733666 0.238806 0.728571 1.780800e+01 0.096909 70
76 0.073503 0.724427 0.260274 0.720000 1.809600e+01 0.109060 75
81 0.072495 0.741708 0.243590 0.737500 1.833600e+01 0.121358 80
86 0.072586 0.757002 0.228916 0.752941 1.862400e+01 0.134745 85
91 0.072322 0.759407 0.227273 0.755556 1.891200e+01 0.149404 90
96 0.071573 0.772114 0.215054 0.768421 1.915200e+01 0.164712 95
101 0.071307 0.783559 0.204082 0.780000 1.941600e+01 0.181713 100
106 0.070838 0.784360 0.203883 0.780952 1.965600e+01 0.199672 105
111 0.070611 0.793993 0.194444 0.790909 2.102400e+01 0.221128 110
116 0.070916 0.794436 0.194690 0.791304 2.133600e+01 0.238299 115
121 0.071208 0.794886 0.188034 0.791667 2.162400e+01 0.257362 120
126 0.070789 0.794900 0.195122 0.792000 2.184000e+01 0.276433 125
131 0.070781 0.795289 0.188976 0.792308 2.208000e+01 0.295506 130
136 0.070606 0.802545 0.187970 0.800000 2.234400e+01 0.319574 135
141 0.070725 0.809440 0.181159 0.807143 2.263200e+01 0.341216 140
146 0.070412 0.809439 0.181818 0.806897 2.287200e+01 0.363493 145
151 0.070779 0.815813 0.175676 0.813333 2.318400e+01 0.387777 150
156 0.070522 0.815292 0.176471 0.812903 2.347200e+01 0.412345 155
161 0.070380 0.802434 0.179487 0.800000 2.378400e+01 0.434592 160
166 0.070401 0.796145 0.196319 0.793939 2.402400e+01 0.458943 165
171 0.070049 0.802154 0.190476 0.800000 2.426400e+01 0.484091 170
176 0.070219 0.802098 0.190751 0.800000 2.457600e+01 0.507920 175
181 0.070014 0.796460 0.196629 0.794444 2.479200e+01 0.536358 180
186 0.069830 0.791134 0.202186 0.789189 2.500800e+01 0.562547 185
191 0.069609 0.791379 0.202128 0.789474 2.522400e+01 0.591495 190
196 0.069781 0.796730 0.196891 0.794872 2.551200e+01 0.620463 195
