1 0.000000 0.000000 0.000000 0.000000 2.352000e+00 -0.000000 0
6 0.000000 0.000000 0.000000 0.000000 3.840000e+00 0.000418 5
11 0.111242 0.320043 0.625000 0.300000 4.416000e+00 0.002340 10
16 0.126454 0.418372 0.538462 0.400000 4.992000e+00 0.006572 15
21 0.126454 0.311189 0.538462 0.300000 5.472000e+00 0.011886 20
26 0.121688 0.329457 0.636364 0.320000 5.952000e+00 0.018324 25
31 0.121688 0.273188 0.636364 0.266667 6.288000e+00 0.024769 30
36 0.118693 0.300463 0.666667 0.285714 6.696000e+00 0.033107 35
41 0.129804 0.305471 0.675676 0.300000 7.512000e+00 0.046264 40
46 0.134167 0.299275 0.690476 0.288889 8.232000e+00 0.059551 45
51 0.133002 0.303981 0.687500 0.300000 8.832000e+00 0.073660 50
56 0.130383 0.294747 0.680000 0.290909 9.096000e+00 0.082892 55
61 0.140475 0.320157 0.672414 0.316667 9.840000e+00 0.101933 60
66 0.139534 0.310687 0.682540 0.307692 1.041600e+01 0.122958 65
71 0.140651 0.317539 0.671642 0.314286 1.099200e+01 0.144295 70
76 0.135515 0.349567 0.643836 0.346667 1.166400e+01 0.168988 75
81 0.139840 0.378094 0.615385 0.375000 1.233600e+01 0.195608 80
86 0.140052 0.391534 0.592593 0.388235 1.293600e+01 0.220925 85
91 0.138219 0.391739 0.602273 0.388889 1.339200e+01 0.243961 90
96 0.136203 0.402646 0.591398 0.400000 1.387200e+01 0.270202 95
101 0.132019 0.423035 0.567010 0.420000 1.432800e+01 0.296221 100
106 0.133578 0.421928 0.568627 0.419048 1.507200e+01 0.338210 105
111 0.133687 0.448135 0.546296 0.445455 1.572000e+01 0.376885 110
116 0.131199 0.463387 0.530973 0.460870 1.617600e+01 0.409231 115
121 0.131065 0.452713 0.530435 0.450000 1.651200e+01 0.436419 120
126 0.133087 0.465999 0.528455 0.464000 1.730400e+01 0.483652 125
131 0.131995 0.479565 0.511811 0.476923 1.780800e+01 0.523596 130
136 0.130622 0.483720 0.511278 0.481481 1.824000e+01 0.559757 135
141 0.129253 0.495074 0.500000 0.492857 1.874400e+01 0.599896 140
146 0.128149 0.491887 0.503497 0.489655 1.905600e+01 0.631507 145
151 0.127058 0.502203 0.493243 0.500000 1.970400e+01 0.684818 150
156 0.125724 0.511838 0.483660 0.509677 2.016000e+01 0.727594 155
161 0.124082 0.520879 0.474684 0.518750 2.061600e+01 0.771560 160
166 0.123279 0.517397 0.475309 0.515152 2.102400e+01 0.807003 165
171 0.122146 0.525559 0.470238 0.523529 2.160000e+01 0.865074 170
176 0.121482 0.521958 0.473988 0.520000 2.198400e+01 0.906676 175
181 0.120338 0.535284 0.460674 0.533333 2.248800e+01 0.960148 180
186 0.119771 0.531795 0.458564 0.529730 2.289600e+01 1.001067 185
191 0.118983 0.533595 0.459893 0.531579 2.330400e+01 1.049394 190
196 0.118255 0.540275 0.455959 0.538462 2.376000e+01 1.103874 195
