1 0.000000 0.000000 0.000000 0.000000 2.352000e+00 -0.000000 0 0
11 0.070110 0.010512 0.085714 0.010000 6.153600e+00 0.002765 10 1.060000e+01
21 0.070110 0.005125 0.085714 0.005000 7.569600e+00 0.010994 20 2.830000e+01
31 0.070110 0.003388 0.085714 0.003333 8.918400e+00 0.023934 30 4.410000e+01
41 0.097650 0.005045 0.183214 0.005000 1.038960e+01 0.042768 40 6.190000e+01
51 0.097650 0.004039 0.183214 0.004000 1.190640e+01 0.066550 50 7.860000e+01
61 0.097650 0.003360 0.183214 0.003333 1.335120e+01 0.095659 60 93
71 0.106573 0.004312 0.281601 0.004286 1.482960e+01 0.130674 70 1.121000e+02
81 0.106573 0.003770 0.281601 0.003750 1.632480e+01 0.169870 80 1.291000e+02
91 0.106573 0.003349 0.281601 0.003333 1.796160e+01 0.215310 90 1.435000e+02
101 0.107926 0.004018 0.293846 0.004000 1.958160e+01 0.267854 100 1.595000e+02
111 0.150744 0.004562 0.392875 0.004545 2.087520e+01 0.320597 110 1.714000e+02
121 0.150744 0.004209 0.392875 0.004167 2.240400e+01 0.380519 120 1.847000e+02
131 0.150744 0.003858 0.392875 0.003846 2.387520e+01 0.442553 130 1.985000e+02
141 0.147492 0.004298 0.392661 0.004286 2.523600e+01 0.510806 140 216
151 0.185618 0.006018 0.491785 0.006000 2.690400e+01 0.588661 150 2.341000e+02
161 0.179875 0.006893 0.490908 0.006875 2.853120e+01 0.670675 160 2.492000e+02
171 0.185896 0.007076 0.490410 0.007059 3.010080e+01 0.755264 170 2.616000e+02
181 0.185896 0.006682 0.490410 0.006667 3.156240e+01 0.845509 180 2.796000e+02
191 0.207763 0.007385 0.589491 0.007368 3.312000e+01 0.943494 190 2.961000e+02
