1 0.000000 0.000000 0.000000 0.000000 2.352000e+00 -0.000000 0 0
11 0.000000 0.000000 0.000000 0.000000 5.906400e+00 0.002089 10 1.760000e+01
21 0.000000 0.000000 0.000000 0.000000 7.586400e+00 0.009810 20 3.420000e+01
31 0.000000 0.000000 0.000000 0.000000 8.853600e+00 0.022402 30 4.790000e+01
41 0.045727 0.005076 0.193845 0.005000 1.030800e+01 0.041452 40 5.980000e+01
51 0.045727 0.004048 0.193845 0.004000 1.166160e+01 0.064224 50 7.470000e+01
61 0.056525 0.006739 0.291274 0.006667 1.325280e+01 0.094505 60 9.150000e+01
71 0.055221 0.007209 0.291121 0.007143 1.470960e+01 0.131585 70 1.026000e+02
81 0.056140 0.008819 0.290402 0.008750 1.625760e+01 0.173134 80 1.188000e+02
91 0.056893 0.010119 0.288892 0.010000 1.780080e+01 0.219271 90 1.312000e+02
101 0.056893 0.009089 0.288892 0.009000 1.923600e+01 0.270615 100 1.444000e+02
111 0.057487 0.009143 0.288976 0.009091 2.089200e+01 0.332715 110 1.612000e+02
121 0.059064 0.009208 0.289590 0.009167 2.223120e+01 0.392742 120 176
131 0.065579 0.009277 0.289412 0.009231 2.380320e+01 0.457394 130 1.902000e+02
141 0.097820 0.011482 0.386954 0.011429 2.519520e+01 0.528196 140 2.052000e+02
151 0.096414 0.013383 0.386214 0.013333 2.684640e+01 0.609097 150 2.259000e+02
161 0.097037 0.014434 0.385006 0.014375 2.817600e+01 0.690270 160 2.379000e+02
171 0.104838 0.018305 0.381236 0.018235 2.982960e+01 0.781244 170 2.491000e+02
181 0.136639 0.018957 0.480059 0.018889 3.134160e+01 0.871348 180 2.609000e+02
191 0.134397 0.020594 0.478342 0.020526 3.270480e+01 0.974382 190 2.717000e+02
