1 0.000000 0.000000 0.000000 0.000000 2.352000e+00 -0.000000 0 0
11 0.000000 0.000000 0.000000 0.000000 6.093600e+00 0.002649 10 1.450000e+01
21 0.025308 0.021011 0.077778 0.020000 7.740000e+00 0.011645 20 3.030000e+01
31 0.023747 0.027551 0.070370 0.026667 9.626400e+00 0.027940 30 4.760000e+01
41 0.039601 0.025626 0.171429 0.025000 1.138080e+01 0.049468 40 6.250000e+01
51 0.043721 0.026385 0.173143 0.026000 1.321200e+01 0.077518 50 7.560000e+01
61 0.043990 0.026959 0.172143 0.026667 1.468320e+01 0.109200 60 8.940000e+01
71 0.043131 0.026055 0.171385 0.025714 1.666080e+01 0.151675 70 114
81 0.042979 0.024026 0.172819 0.023750 1.830000e+01 0.195587 80 1.294000e+02
91 0.066067 0.024694 0.272763 0.024444 2.011920e+01 0.249728 90 1.453000e+02
101 0.068049 0.025230 0.272787 0.025000 2.182080e+01 0.306683 100 1.618000e+02
111 0.093289 0.024952 0.371546 0.024545 2.369040e+01 0.372775 110 184
121 0.091568 0.023505 0.370823 0.023333 2.529120e+01 0.448425 120 1.979000e+02
131 0.091568 0.021686 0.370823 0.021538 2.674560e+01 0.517454 130 2.103000e+02
141 0.092280 0.021566 0.375648 0.021429 2.862480e+01 0.602308 140 2.228000e+02
151 0.092017 0.021462 0.375561 0.021333 3.047760e+01 0.696565 150 2.384000e+02
161 0.118194 0.022622 0.476214 0.022500 3.215280e+01 0.792869 160 2.546000e+02
171 0.117730 0.021877 0.477204 0.021765 3.363840e+01 0.884973 170 2.694000e+02
181 0.123614 0.022329 0.476815 0.022222 3.522720e+01 0.990459 180 2.829000e+02
191 0.142669 0.022211 0.575920 0.022105 3.691440e+01 1.099563 190 2.966000e+02
