1 0.000000 0.000000 0.000000 0.000000 2.352000e+00 -0.000000 0 0
11 0.033740 0.010698 0.087500 0.010000 5.880000e+00 0.002186 10 1.250000e+01
21 0.028815 0.010338 0.083333 0.010000 7.488000e+00 0.010061 20 3.110000e+01
31 0.028815 0.007055 0.083333 0.006667 8.908800e+00 0.023267 30 4.620000e+01
41 0.026535 0.007624 0.091667 0.007500 1.058640e+01 0.042691 40 6.190000e+01
51 0.026535 0.006079 0.091667 0.006000 1.220880e+01 0.067401 50 7.650000e+01
61 0.026535 0.005055 0.091667 0.005000 1.377840e+01 0.099790 60 9.420000e+01
71 0.026535 0.004389 0.091667 0.004286 1.536000e+01 0.136827 70 1.081000e+02
81 0.026535 0.003781 0.091667 0.003750 1.690320e+01 0.180405 80 1.247000e+02
91 0.041990 0.004475 0.190556 0.004444 1.822080e+01 0.224135 90 1.372000e+02
101 0.063830 0.005026 0.289503 0.005000 1.975440e+01 0.277285 100 1.545000e+02
111 0.063830 0.004567 0.289503 0.004545 2.100720e+01 0.335061 110 1.658000e+02
121 0.063830 0.004185 0.289503 0.004167 2.256480e+01 0.399560 120 1.794000e+02
131 0.063830 0.003862 0.289503 0.003846 2.400960e+01 0.470474 130 1.939000e+02
141 0.063830 0.003585 0.289503 0.003571 2.525040e+01 0.543082 140 2.105000e+02
151 0.118987 0.004687 0.488109 0.004667 2.691840e+01 0.622785 150 2.272000e+02
161 0.118987 0.004389 0.488109 0.004375 2.846160e+01 0.706903 160 2.455000e+02
171 0.143638 0.004719 0.587496 0.004706 3.010560e+01 0.796615 170 2.611000e+02
181 0.143162 0.005014 0.593594 0.005000 3.171600e+01 0.893596 180 2.785000e+02
191 0.145932 0.005277 0.593155 0.005263 3.339600e+01 1.003406 190 2.938000e+02
