1 0.000000 0.000000 0.000000 0.000000 99 0.019992 0
11 0.040175 0.028374 0.066667 0.026786 2.586000e+002 6.104373 7.300000e+000
21 0.055443 0.028641 0.170833 0.030882 331 23.131029 1.620000e+001
31 0.120818 0.045011 0.630905 0.047600 413 54.700375 2.530000e+001
41 0.122325 0.035500 0.637572 0.038523 4.949000e+002 95.450646 34
51 0.143020 0.044745 0.628673 0.048691 5.797000e+002 142.915618 4.330000e+001
61 0.171129 0.061564 0.713753 0.067173 6.534000e+002 202.731945 5.230000e+001
71 0.164976 0.070089 0.706198 0.076155 7.325000e+002 277.390504 6.170000e+001
81 0.166553 0.080368 0.703988 0.086900 8.118000e+002 368.582174 7.120000e+001
91 0.184783 0.087541 0.794304 0.094101 8.947000e+002 473.769513 8.040000e+001
101 0.184626 0.096207 0.784117 0.103372 9.654000e+002 584.002332 8.910000e+001
111 0.180845 0.099402 0.775311 0.107064 1.040400e+003 661.300458 9.780000e+001
121 0.181365 0.104258 0.771957 0.112882 1.107800e+003 743.450812 1.069000e+002
131 0.180486 0.110407 0.766473 0.119469 1.168500e+003 823.118950 1.155000e+002
141 0.182158 0.115363 0.757980 0.126122 1.234600e+003 894.363765 1.244000e+002
151 0.181366 0.130619 0.741937 0.142457 1.314500e+003 1004.924948 1.336000e+002
161 0.205116 0.139513 0.827075 0.151686 1.385800e+003 1109.851479 1.429000e+002
171 0.205779 0.147262 0.820752 0.159551 1.449300e+003 1208.959350 1.527000e+002
181 0.209458 0.150221 0.817635 0.162523 1.513500e+003 1331.744023 1.619000e+002
191 0.212285 0.154484 0.813204 0.166519 1.573200e+003 1450.425656 1.716000e+002
