1 0.000000 0.000000 0.000000 0.000000 4.800000e+00 -0.000000 0 0
11 0.000000 0.000000 0.000000 0.000000 1.182720e+01 0.004169 40 2.160000e+01
21 0.054991 0.025267 0.292843 0.006250 1.608480e+01 0.034520 80 61
31 0.080931 0.030197 0.390196 0.007500 2.042160e+01 0.094799 120 1.071000e+02
41 0.077260 0.027669 0.390112 0.006875 2.471760e+01 0.183992 160 1.535000e+02
51 0.074811 0.024093 0.389881 0.006000 2.899200e+01 0.301549 200 188
61 0.100067 0.038447 0.488991 0.009583 3.304560e+01 0.449744 240 2.208000e+02
71 0.088673 0.055850 0.485762 0.013929 3.703920e+01 0.622908 280 2.481000e+02
81 0.087318 0.072646 0.481119 0.018125 4.117200e+01 0.828494 320 2.807000e+02
91 0.171032 0.093475 0.576220 0.023333 4.520160e+01 1.062217 360 3.091000e+02
