1 0.000000 0.000000 0.000000 0.000000 4.800000e+00 -0.000000 0 0
11 0.025043 0.020563 0.192774 0.005000 1.174800e+01 0.004245 40 2.360000e+01
21 0.048985 0.015195 0.291475 0.003750 1.632000e+01 0.036770 80 7.020000e+01
31 0.053358 0.016756 0.294574 0.004167 2.085120e+01 0.098252 120 1.133000e+02
41 0.133240 0.025118 0.492060 0.006250 2.552880e+01 0.192647 160 1.575000e+02
51 0.125139 0.030092 0.491130 0.007500 3.003600e+01 0.319241 200 2.013000e+02
61 0.157222 0.031746 0.590906 0.007917 3.444720e+01 0.475736 240 2.409000e+02
71 0.185449 0.032949 0.689864 0.008214 3.862560e+01 0.661774 280 2.775000e+02
81 0.166652 0.036318 0.689648 0.009062 4.317840e+01 0.875206 320 320
91 0.159421 0.040104 0.688814 0.010000 4.756320e+01 1.121661 360 3.555000e+02
