1 0.000000 0.000000 0.000000 0.000000 4.800000e+00 -0.000000 0 0
11 0.058783 0.010008 0.097222 0.002500 1.174080e+01 0.004185 40 21
21 0.028491 0.020018 0.094521 0.005000 1.565760e+01 0.033351 80 5.510000e+01
31 0.077063 0.033509 0.289494 0.008333 1.970400e+01 0.090167 120 8.780000e+01
41 0.114163 0.045083 0.486470 0.011250 2.395200e+01 0.176499 160 1.264000e+02
51 0.118640 0.044028 0.486746 0.011000 2.801280e+01 0.291773 200 1.581000e+02
61 0.111023 0.041688 0.488231 0.010417 3.246720e+01 0.436535 240 1.902000e+02
71 0.134277 0.045801 0.587235 0.011429 3.645120e+01 0.606162 280 2.201000e+02
81 0.154860 0.042587 0.687222 0.010625 4.072560e+01 0.802892 320 2.653000e+02
91 0.152591 0.042239 0.687845 0.010556 4.494480e+01 1.026912 360 3.047000e+02
