1 0.000000 0.000000 0.000000 0.000000 4.800000e+00 -0.000000 0 198
11 0.099467 0.601795 0.666667 0.150000 9.192000e+00 0.005715 40 320
21 0.073723 1.502126 0.491525 0.375000 1.236000e+01 0.046799 80 334
31 0.076559 1.734991 0.474747 0.433333 1.572000e+01 0.125803 120 344
41 0.075209 1.926297 0.446043 0.481250 1.881600e+01 0.239636 160 348
51 0.073895 2.081206 0.418994 0.520000 2.186400e+01 0.393130 200 357
61 0.072707 2.234334 0.388128 0.558333 2.469600e+01 0.592949 240 359
71 0.071927 2.315250 0.372093 0.578571 2.767200e+01 0.831565 280 365
81 0.071427 2.438411 0.345638 0.609375 3.062400e+01 1.131265 320 371
91 0.069888 2.534100 0.327434 0.633333 3.338400e+01 1.464723 360 371
