1 0.000000 0.000000 0.000000 0.000000 2.328000e+00 0.000012 0
6 0.086765 1.102188 0.000000 1.000000 9.312000e+00 0.000137 5
11 0.091638 1.045869 0.000000 1.000000 1.521600e+01 0.000362 10
16 0.100212 1.026283 0.000000 1.000000 2.107200e+01 0.000866 15
21 0.093571 1.023715 0.000000 1.000000 2.692800e+01 0.001369 20
26 0.098008 1.017880 0.000000 1.000000 3.276000e+01 0.002210 25
31 0.095192 1.015633 0.000000 1.000000 3.864000e+01 0.002939 30
36 0.096753 1.013389 0.000000 1.000000 4.447200e+01 0.004154 35
41 0.098639 1.011705 0.000000 1.000000 5.030400e+01 0.005178 40
46 0.097211 0.987957 0.022222 0.977778 5.616000e+01 0.006854 45
51 0.096406 0.989185 0.020000 0.980000 6.201600e+01 0.008717 50
56 0.095012 0.990173 0.018182 0.981818 6.787200e+01 0.010133 55
61 0.094317 0.990974 0.016667 0.983333 7.370400e+01 0.012211 60
66 0.094053 0.990911 0.015385 0.984615 7.958400e+01 0.013810 65
71 0.095396 0.991864 0.014286 0.985714 8.541600e+01 0.016403 70
76 0.097427 0.992476 0.013333 0.986667 9.134400e+01 0.018394 75
81 0.098108 0.993264 0.012500 0.987500 9.717600e+01 0.021505 80
86 0.097062 0.993394 0.011765 0.988235 1.029840e+02 0.023745 85
91 0.097032 0.994008 0.011111 0.988889 1.087680e+02 0.027063 90
96 0.095589 0.994331 0.010526 0.989474 1.145760e+02 0.029341 95
101 0.095883 0.994101 0.010000 0.990000 1.204560e+02 0.033267 100
106 0.094726 0.994877 0.009524 0.990476 1.263120e+02 0.035898 105
111 0.094648 0.995106 0.009091 0.990909 1.321200e+02 0.039816 110
116 0.093329 0.995332 0.008696 0.991304 1.379280e+02 0.042412 115
121 0.092233 0.995508 0.008333 0.991667 1.437360e+02 0.046721 120
126 0.091955 0.995499 0.008000 0.992000 1.494960e+02 0.051103 125
131 0.091306 0.995482 0.007692 0.992308 1.553280e+02 0.054258 130
136 0.090160 0.996003 0.007407 0.992593 1.611600e+02 0.057481 135
141 0.089650 0.995760 0.007143 0.992857 1.669920e+02 0.062608 140
146 0.088982 0.996294 0.006897 0.993103 1.728480e+02 0.066122 145
151 0.089183 0.996222 0.006667 0.993333 1.786560e+02 0.071303 150
156 0.090354 0.996532 0.006452 0.993548 1.844400e+02 0.074982 155
161 0.090727 0.996325 0.006250 0.993750 1.902480e+02 0.080505 160
166 0.090568 0.996739 0.006061 0.993939 1.961520e+02 0.084871 165
171 0.090617 0.996388 0.005882 0.994118 2.019840e+02 0.090879 170
176 0.091047 0.996926 0.005714 0.994286 2.079120e+02 0.095568 175
181 0.091066 0.996713 0.005556 0.994444 2.137680e+02 0.102370 180
186 0.091234 0.997102 0.005405 0.994595 2.196960e+02 0.107316 185
191 0.090813 0.997173 0.005263 0.994737 2.255280e+02 0.114477 190
196 0.090534 0.996864 0.005128 0.994872 2.313360e+02 0.119173 195
