1 0.000000 0.000000 0.000000 0.000000 2.352000e+00 -0.000000 0 98
11 0.015243 0.010407 0.066667 0.010000 6.103200e+00 0.002394 10 196
21 0.089453 0.015299 0.253092 0.015000 7.663200e+00 0.010566 20 196
31 0.076825 0.020301 0.245887 0.020000 9.122400e+00 0.023563 30 196
41 0.107238 0.017714 0.342946 0.017500 1.059600e+01 0.041126 40 196
51 0.137997 0.022180 0.369864 0.022000 1.215840e+01 0.064746 50 196
61 0.141875 0.020158 0.376482 0.020000 1.389840e+01 0.095055 60 196
71 0.148693 0.024393 0.372088 0.024286 1.544400e+01 0.127343 70 196
81 0.148693 0.021364 0.372088 0.021250 1.690080e+01 0.164938 80 196
91 0.148111 0.020098 0.372123 0.020000 1.846080e+01 0.206463 90 196
101 0.179627 0.025106 0.471359 0.025000 2.002320e+01 0.251636 100 196
111 0.178875 0.023745 0.470982 0.023636 2.164560e+01 0.303315 110 196
121 0.197265 0.022592 0.570089 0.022500 2.305680e+01 0.356855 120 196
131 0.205498 0.022391 0.569343 0.022308 2.451360e+01 0.412697 130 196
141 0.204873 0.024373 0.570223 0.024286 2.607360e+01 0.478494 140 196
151 0.208074 0.025416 0.568322 0.025333 2.751600e+01 0.549276 150 196
161 0.212599 0.025704 0.568273 0.025625 2.886480e+01 0.619766 160 196
171 0.212599 0.024188 0.568273 0.024118 3.018960e+01 0.689662 170 196
181 0.212284 0.023398 0.568566 0.023333 3.154800e+01 0.770918 180 196
191 0.256684 0.023218 0.668723 0.023158 3.301440e+01 0.853078 190 196
201 0.268604 0.023576 0.669749 0.023500 3.463200e+01 0.943449 200 196
