0 0.000000 0.000000 0.000000 2.352000 -2.168404e-18 0.000000 0
0 0.000000 0.000000 0.000000 5.952000 2.290086e-03 10.000000 4
0 0.000000 0.000000 0.000000 7.944000 1.388350e-02 20.000000 18
0 0.000000 0.000000 0.000000 9.360000 2.912818e-02 30.000000 31
0 0.000000 0.000000 0.000000 11.064000 5.280200e-02 40.000000 44
0 0.000000 0.000000 0.000000 12.336000 7.960843e-02 50.000000 47
0 0.000000 0.000000 0.000000 14.208000 1.202744e-01 60.000000 66
0 0.000000 0.000000 0.000000 15.960000 1.645244e-01 70.000000 83
0 0.000000 0.000000 0.000000 17.040000 2.078801e-01 80.000000 91
0 0.000000 0.000000 0.000000 18.480000 2.641136e-01 90.000000 95
0 0.000000 0.000000 0.000000 19.848000 3.236093e-01 100.000000 97
0 0.000000 0.000000 0.000000 21.168000 3.920562e-01 110.000000 103
0 0.000000 0.000000 0.000000 22.416000 4.470326e-01 120.000000 121
0 0.000000 0.000000 0.000000 24.480000 5.208609e-01 130.000000 139
0 0.000000 0.000000 0.000000 25.584000 5.950557e-01 140.000000 147
0 0.000000 0.000000 0.000000 26.832000 6.751584e-01 150.000000 155
0 0.000000 0.000000 0.000000 28.464000 7.715104e-01 160.000000 157
0 0.000000 0.000000 0.000000 29.448000 8.516797e-01 170.000000 162
0 0.000000 0.000000 0.000000 30.600000 9.411015e-01 180.000000 168
3.671750e-01 0.005282 0.994475 0.005263 31.728000 1.025433e+00 190.000000 182
