1 0.000000 0.000000 0.000000 0.000000 2.352000e+00 -0.000000 0 98
11 0.052187 0.010237 0.080000 0.010000 5.856000e+00 0.002243 10 196
21 0.052187 0.005059 0.080000 0.005000 7.363200e+00 0.010280 20 196
31 0.079690 0.006794 0.176296 0.006667 8.762400e+00 0.023115 30 196
41 0.079690 0.005071 0.176296 0.005000 1.024800e+01 0.042838 40 196
51 0.079690 0.004045 0.176296 0.004000 1.160160e+01 0.067080 50 196
61 0.079690 0.003365 0.176296 0.003333 1.302720e+01 0.097305 60 196
71 0.079690 0.002880 0.176296 0.002857 1.430400e+01 0.132892 70 196
81 0.097628 0.003793 0.275046 0.003750 1.554240e+01 0.174412 80 196
91 0.097628 0.003357 0.275046 0.003333 1.700880e+01 0.219817 90 196
101 0.097628 0.003019 0.275046 0.003000 1.827360e+01 0.272188 100 196
111 0.097628 0.002751 0.275046 0.002727 1.973280e+01 0.331641 110 196
121 0.097628 0.002513 0.275046 0.002500 2.108880e+01 0.396165 120 196
131 0.097628 0.002319 0.275046 0.002308 2.269440e+01 0.465676 130 196
141 0.097628 0.002152 0.275046 0.002143 2.421360e+01 0.543958 140 196
151 0.097628 0.002008 0.275046 0.002000 2.577360e+01 0.627499 150 196
161 0.094520 0.002511 0.277425 0.002500 2.706720e+01 0.708309 160 196
171 0.097800 0.003545 0.276296 0.003529 2.857680e+01 0.800590 170 196
181 0.153521 0.004463 0.375288 0.004444 3.009360e+01 0.896548 180 196
191 0.158582 0.005285 0.374337 0.005263 3.165840e+01 1.000402 190 196
201 0.160148 0.005516 0.374162 0.005500 3.307920e+01 1.108236 200 196
