1 0.000000 0.000000 0.000000 0.000000 4.800000e+00 -0.000000 0
11 0.000000 0.000000 0.000000 0.000000 1.068000e+01 0.001060 10
21 0.000000 0.000000 0.000000 0.000000 1.222320e+01 0.005517 20
31 0.037075 0.003435 0.096429 0.003333 1.383600e+01 0.012815 30
41 0.037075 0.002557 0.096429 0.002500 1.550400e+01 0.024210 40
51 0.037075 0.002036 0.096429 0.002000 1.690560e+01 0.036515 50
61 0.037075 0.001692 0.096429 0.001667 1.839840e+01 0.053178 60
71 0.037075 0.001447 0.096429 0.001429 1.968480e+01 0.071309 70
81 0.037075 0.001264 0.096429 0.001250 2.129280e+01 0.094768 80
91 0.067500 0.002245 0.195179 0.002222 2.280240e+01 0.119170 90
101 0.067500 0.002019 0.195179 0.002000 2.413200e+01 0.147166 100
111 0.067500 0.001834 0.195179 0.001818 2.571600e+01 0.179192 110
121 0.067500 0.001680 0.195179 0.001667 2.748480e+01 0.215223 120
131 0.067500 0.001550 0.195179 0.001538 2.881920e+01 0.249881 130
141 0.067500 0.001438 0.195179 0.001429 3.025680e+01 0.289542 140
151 0.067500 0.001346 0.195179 0.001333 3.175440e+01 0.335219 150
161 0.067500 0.001257 0.195179 0.001250 3.323040e+01 0.383499 160
171 0.067500 0.001183 0.195179 0.001176 3.468000e+01 0.431414 170
181 0.067500 0.001117 0.195179 0.001111 3.613440e+01 0.485393 180
191 0.067500 0.001061 0.195179 0.001053 3.770880e+01 0.544551 190
