1 0.000000 0.000000 0.000000 0.000000 2.352000e+00 -0.000000 0
11 0.000000 0.000000 0.000000 0.000000 5.882400e+00 0.002271 10
21 0.067418 0.005123 0.092308 0.005000 7.516800e+00 0.010551 20
31 0.067418 0.003388 0.092308 0.003333 8.980800e+00 0.024113 30
41 0.067418 0.002530 0.092308 0.002500 1.054800e+01 0.043321 40
51 0.067418 0.002019 0.092308 0.002000 1.206480e+01 0.067111 50
61 0.103780 0.003358 0.190385 0.003333 1.385040e+01 0.096687 60
71 0.094810 0.004313 0.189133 0.004286 1.539600e+01 0.133116 70
81 0.062079 0.006278 0.193075 0.006250 1.699680e+01 0.173682 80
91 0.067182 0.007817 0.191680 0.007778 1.861200e+01 0.218760 90
101 0.064689 0.008037 0.190951 0.008000 2.047680e+01 0.272207 100
111 0.063604 0.008216 0.190881 0.008182 2.207760e+01 0.328049 110
121 0.063604 0.007529 0.190881 0.007500 2.384400e+01 0.394476 120
131 0.088139 0.008489 0.290519 0.008462 2.554800e+01 0.459985 130
141 0.089363 0.009311 0.289237 0.009286 2.718240e+01 0.534169 140
151 0.094053 0.010023 0.287986 0.010000 2.902080e+01 0.617185 150
161 0.093474 0.010645 0.286817 0.010625 3.072000e+01 0.702748 160
171 0.108749 0.010607 0.386211 0.010588 3.204720e+01 0.787223 170
181 0.109861 0.010588 0.386135 0.010556 3.366960e+01 0.884662 180
191 0.109997 0.010541 0.385834 0.010526 3.515280e+01 0.984331 190
