1 0.000000 0.000000 0.000000 0.000000 2.344800e+00 0.000003 0
11 0.084073 0.062738 0.380000 0.060000 4.346400e+00 0.001839 10
21 0.121748 0.066672 0.579167 0.065000 5.349600e+00 0.008615 20
31 0.142524 0.067962 0.681061 0.066667 6.350400e+00 0.020117 30
41 0.148807 0.078614 0.712256 0.077500 7.555200e+00 0.037004 40
51 0.157299 0.082853 0.703875 0.082000 8.589600e+00 0.057396 50
61 0.160042 0.082342 0.699857 0.081667 9.489600e+00 0.082642 60
71 0.159004 0.080635 0.698442 0.080000 1.044000e+01 0.111562 70
81 0.156286 0.083084 0.704073 0.082500 1.152480e+01 0.146739 80
91 0.168901 0.088296 0.800214 0.087778 1.252320e+01 0.184786 90
101 0.169798 0.092521 0.800574 0.092000 1.348800e+01 0.227471 100
111 0.174403 0.102325 0.793188 0.101818 1.474800e+01 0.275400 110
121 0.174241 0.107978 0.787024 0.107500 1.594320e+01 0.329487 120
131 0.201454 0.112028 0.882185 0.111538 1.709760e+01 0.386979 130
141 0.200051 0.115460 0.879335 0.115000 1.812960e+01 0.446811 140
151 0.197450 0.119775 0.877401 0.119333 1.918800e+01 0.510814 150
161 0.195750 0.123606 0.871797 0.123125 2.031600e+01 0.582040 160
171 0.197628 0.131022 0.864875 0.130588 2.146560e+01 0.652383 170
181 0.196472 0.134901 0.861820 0.134444 2.260320e+01 0.730321 180
191 0.194866 0.142028 0.854617 0.141579 2.373600e+01 0.812694 190
