1 0.000000 0.000000 0.000000 0.000000 2.347200e+00 0.000002 0
11 0.148738 1.009932 0.000000 0.980000 1.490400e+01 0.000435 10
21 0.146027 1.005358 0.000000 0.990000 2.652960e+01 0.001702 20
31 0.148228 1.003915 0.000000 0.993333 3.807840e+01 0.004418 30
41 0.147175 1.002591 0.000000 0.995000 4.962000e+01 0.008763 40
51 0.146599 1.002484 0.000000 0.996000 6.111600e+01 0.015034 50
61 0.145974 1.001902 0.000000 0.996667 7.262400e+01 0.023347 60
71 0.145506 1.001369 0.000000 0.997143 8.406960e+01 0.033586 70
81 0.145232 1.001402 0.000000 0.997500 9.557040e+01 0.045803 80
91 0.145168 1.001247 0.000000 0.997778 1.070592e+02 0.059614 90
101 0.145036 1.001098 0.000000 0.998000 1.185336e+02 0.076368 100
111 0.145473 1.000986 0.000000 0.998182 1.299840e+02 0.095392 110
121 0.145507 1.000831 0.000000 0.998333 1.414128e+02 0.116979 120
131 0.145462 1.000868 0.000000 0.998462 1.529112e+02 0.139328 130
141 0.145521 1.000810 0.000000 0.998571 1.643304e+02 0.164903 140
151 0.145531 1.000668 0.000000 0.998667 1.758408e+02 0.190278 150
161 0.145063 1.000780 0.000000 0.998750 1.873104e+02 0.218561 160
171 0.144812 1.000620 0.000000 0.998824 1.987464e+02 0.250378 170
181 0.144962 1.000650 0.000000 0.998889 2.102304e+02 0.283631 180
191 0.145086 1.000674 0.000000 0.998947 2.217024e+02 0.320028 190
