1 0.000000 0.000000 0.000000 0.000000 2.344800e+00 0.000003 0
11 0.114694 0.072641 0.463929 0.070000 8.748000e+00 0.003988 10
21 0.157156 0.127772 0.803050 0.125000 1.354800e+01 0.016693 20
31 0.157197 0.179076 0.792214 0.176667 1.760400e+01 0.035467 30
41 0.149868 0.220018 0.763019 0.217500 2.098080e+01 0.058197 40
51 0.142831 0.262185 0.722521 0.260000 2.339520e+01 0.082194 50
61 0.141455 0.302012 0.684854 0.300000 2.593680e+01 0.108557 60
71 0.141579 0.321974 0.666027 0.320000 2.818560e+01 0.138997 70
81 0.140528 0.347980 0.641231 0.346250 3.028080e+01 0.172216 80
91 0.139788 0.364951 0.627194 0.363333 3.247920e+01 0.214281 90
101 0.139790 0.386469 0.604303 0.385000 3.445200e+01 0.255460 100
111 0.139279 0.400614 0.588670 0.399091 3.665760e+01 0.301530 110
121 0.138410 0.414767 0.574322 0.413333 3.860160e+01 0.352031 120
131 0.137887 0.423623 0.568027 0.422308 4.025280e+01 0.409455 130
141 0.136937 0.429869 0.562276 0.428571 4.204800e+01 0.465129 140
151 0.136623 0.442429 0.551295 0.441333 4.375920e+01 0.528780 150
161 0.135957 0.449215 0.544639 0.448125 4.566480e+01 0.596753 160
171 0.135499 0.459282 0.534329 0.458235 4.744800e+01 0.667238 170
181 0.135185 0.470441 0.522756 0.469444 4.880160e+01 0.741662 180
191 0.135070 0.475194 0.516796 0.474211 5.051760e+01 0.821828 190
