0 0.000000 0.000000 0.000000 0.000000 6.604800e+00 0.005027 0 2.828000e+02
10 0.079375 1.084814 0.231002 0.266062 9.523200e+00 0.013630 4.040000e+01 3.092000e+02
20 0.089663 1.144491 0.354013 0.288067 1.243680e+01 0.026784 8.080000e+01 3.328000e+02
30 0.084525 1.129794 0.427361 0.284655 1.533120e+01 0.046394 1.212000e+02 3.592000e+02
40 0.082959 1.152485 0.492401 0.290752 1.823040e+01 0.068875 1.616000e+02 3.838000e+02
50 0.083658 1.186093 0.522680 0.299071 2.101920e+01 0.094385 202 4.068000e+02
60 0.083991 1.221014 0.547755 0.308466 2.399520e+01 0.125078 2.424000e+02 4.346000e+02
70 0.082054 1.255763 0.574463 0.316883 2.696160e+01 0.157534 2.828000e+02 4.612000e+02
80 0.082961 1.283924 0.576235 0.323701 3.001440e+01 0.200422 3.232000e+02 4.864000e+02
90 0.083882 1.294525 0.575423 0.325464 3.302400e+01 0.245195 3.636000e+02 510
100 0.084729 1.306901 0.589473 0.327744 3.616320e+01 0.296335 404 5.364000e+02
110 0.084827 1.326447 0.591396 0.332104 3.915840e+01 0.348512 4.444000e+02 5.588000e+02
120 0.084737 1.324170 0.585199 0.332307 4.186080e+01 0.398769 4.848000e+02 5.798000e+02
130 0.083621 1.333293 0.594674 0.334660 4.483680e+01 0.462254 5.252000e+02 6.078000e+02
140 0.083040 1.343795 0.593618 0.337428 4.757760e+01 0.529582 5.656000e+02 633
150 0.083005 1.362142 0.593623 0.341765 5.035200e+01 0.594901 606 6.542000e+02
160 0.083216 1.369572 0.590305 0.343819 5.306400e+01 0.664294 6.464000e+02 6.754000e+02
170 0.083036 1.385530 0.591677 0.347852 5.602560e+01 0.744736 6.868000e+02 6.998000e+02
180 0.082996 1.390777 0.588505 0.349557 5.872800e+01 0.820596 7.272000e+02 7.246000e+02
190 0.082495 1.401618 0.589249 0.352275 6.144960e+01 0.895339 7.676000e+02 7.446000e+02
200 0.082589 1.417677 0.590689 0.355926 6.423360e+01 0.986074 808 7.666000e+02
210 0.082394 1.428329 0.590462 0.358528 6.715200e+01 1.078591 8.484000e+02 787
220 0.082435 1.437000 0.590908 0.360613 6.996480e+01 1.167576 8.888000e+02 8.116000e+02
230 0.082199 1.450241 0.589605 0.363931 7.276320e+01 1.261653 9.292000e+02 8.346000e+02
240 0.082108 1.463845 0.588524 0.367287 7.544160e+01 1.361628 9.696000e+02 8.536000e+02
250 0.081882 1.466234 0.591389 0.368108 7.830720e+01 1.466930 1010 8.752000e+02
260 0.081960 1.481180 0.588225 0.371716 8.132640e+01 1.580985 1.050400e+03 8.988000e+02
270 0.081812 1.485789 0.589631 0.373041 8.412000e+01 1.689123 1.090800e+03 9.202000e+02
280 0.082031 1.495554 0.589639 0.375641 8.703360e+01 1.820345 1.131200e+03 9.424000e+02
290 0.081719 1.497732 0.586361 0.376252 8.962560e+01 1.929380 1.171600e+03 9.604000e+02
300 0.081800 1.510556 0.587985 0.379471 9.239520e+01 2.067836 1212 9.804000e+02
310 0.081839 1.518619 0.585494 0.381776 9.511680e+01 2.198817 1.252400e+03 9.982000e+02
320 0.081715 1.531171 0.580709 0.384841 9.786720e+01 2.330258 1.292800e+03 1020
330 0.081504 1.534316 0.580528 0.385917 1.005024e+02 2.474314 1.333200e+03 1043
340 0.081299 1.537541 0.578397 0.386710 1.030368e+02 2.605084 1.373600e+03 1.062600e+03
350 0.081463 1.548412 0.578894 0.389353 1.058880e+02 2.754067 1414 1.082600e+03
360 0.081368 1.554402 0.578480 0.390946 1.086816e+02 2.908573 1.454400e+03 1.104200e+03
370 0.081228 1.562046 0.575629 0.392740 1.113360e+02 3.064398 1.494800e+03 1.121800e+03
380 0.081465 1.565162 0.574627 0.393990 1.142016e+02 3.245123 1.535200e+03 1.145800e+03
390 0.081213 1.569650 0.571980 0.395329 1.167648e+02 3.390092 1.575600e+03 1.161200e+03
400 0.081425 1.569974 0.570232 0.395626 1.196640e+02 3.562049 1616 1.182600e+03
410 0.081439 1.573590 0.571507 0.396736 1.223088e+02 3.737908 1.656400e+03 1.200800e+03
420 0.081587 1.585625 0.572421 0.399720 1.250448e+02 3.916120 1.696800e+03 1.218200e+03
430 0.081537 1.592019 0.570146 0.401202 1.277616e+02 4.105762 1.737200e+03 1.239600e+03
440 0.081485 1.597725 0.568201 0.402926 1.304352e+02 4.293732 1.777600e+03 1.256600e+03
450 0.081571 1.600393 0.566191 0.403730 1.333488e+02 4.491552 1818 1.279800e+03
460 0.081469 1.606955 0.565916 0.405302 1.361280e+02 4.691990 1.858400e+03 1.303200e+03
470 0.081645 1.615683 0.565616 0.407603 1.389792e+02 4.915021 1.898800e+03 1322
480 0.081661 1.623249 0.564269 0.409564 1.416624e+02 5.126864 1.939200e+03 1343
490 0.081686 1.626511 0.561910 0.410336 1.444368e+02 5.340888 1.979600e+03 1361
500 0.081738 1.630008 0.560361 0.411205 1.473504e+02 5.590297 2020 1.385400e+03
510 0.081759 1.634047 0.560702 0.412281 1.503072e+02 5.806139 2.060400e+03 1.407800e+03
520 0.081871 1.640012 0.558601 0.413914 1.531008e+02 6.007596 2.100800e+03 1.424400e+03
530 0.081966 1.645297 0.556884 0.415285 1.560096e+02 6.251917 2.141200e+03 1.446800e+03
540 0.081989 1.650364 0.554716 0.416605 1.586784e+02 6.479616 2.181600e+03 1464
550 0.081978 1.655264 0.553907 0.417971 1.615824e+02 6.734227 2222 1.482800e+03
560 0.081980 1.662852 0.553540 0.419832 1.642128e+02 6.978683 2.262400e+03 1.498400e+03
570 0.081874 1.665937 0.551039 0.420526 1.670928e+02 7.221302 2.302800e+03 1.519800e+03
580 0.082044 1.672374 0.553738 0.422022 1.700304e+02 7.502407 2.343200e+03 1.545200e+03
590 0.082116 1.677894 0.551825 0.423382 1.727952e+02 7.762947 2.383600e+03 1.557200e+03
600 0.082216 1.683303 0.550850 0.424604 1.756992e+02 8.020726 2424 1579
