0 0.000000 0.000000 0.000000 0.000000 6.273600e+00 0.004015 0 2.672000e+02
10 0.092982 0.670585 0.267033 0.192419 8.740800e+00 0.011184 3.480000e+01 291
20 0.091393 0.604901 0.384780 0.175496 1.122240e+01 0.021878 6.960000e+01 313
30 0.089252 0.569144 0.489167 0.163255 1.406400e+01 0.037663 1.044000e+02 337
40 0.092259 0.561904 0.566470 0.161714 1.665120e+01 0.056962 1.392000e+02 3.602000e+02
50 0.086032 0.557966 0.568956 0.160585 1.887360e+01 0.077994 174 382
60 0.082329 0.551656 0.599954 0.158069 2.128800e+01 0.103549 2.088000e+02 404
70 0.082963 0.552789 0.587400 0.158179 2.399520e+01 0.134893 2.436000e+02 4.266000e+02
80 0.084439 0.566219 0.652796 0.161843 2.686080e+01 0.170119 2.784000e+02 4.482000e+02
90 0.083802 0.556383 0.662000 0.158465 2.953920e+01 0.210398 3.132000e+02 4.694000e+02
100 0.084804 0.570965 0.675099 0.161622 3.223680e+01 0.253982 348 4.916000e+02
110 0.083698 0.573533 0.688978 0.162366 3.473760e+01 0.299073 3.828000e+02 5.156000e+02
120 0.083774 0.587506 0.715427 0.166401 3.731520e+01 0.344012 4.176000e+02 536
130 0.085822 0.605438 0.728637 0.171367 4.006560e+01 0.398042 4.524000e+02 5.612000e+02
140 0.085710 0.606468 0.731387 0.171798 4.268640e+01 0.452182 4.872000e+02 5.846000e+02
150 0.086851 0.620698 0.746498 0.175767 4.521600e+01 0.508974 522 6.074000e+02
160 0.087391 0.631926 0.744817 0.178829 4.791840e+01 0.575053 5.568000e+02 6.298000e+02
170 0.088027 0.635696 0.743255 0.179943 5.062560e+01 0.642401 5.916000e+02 653
180 0.088021 0.648425 0.747656 0.183208 5.344800e+01 0.713427 6.264000e+02 6.742000e+02
190 0.087495 0.652171 0.740855 0.184186 5.613600e+01 0.788147 6.612000e+02 6.992000e+02
200 0.087378 0.657581 0.750556 0.185872 5.866560e+01 0.865373 696 7.156000e+02
210 0.088004 0.665272 0.760533 0.188016 6.106560e+01 0.948155 7.308000e+02 7.366000e+02
220 0.087550 0.672253 0.759613 0.190097 6.364320e+01 1.040802 7.656000e+02 7.588000e+02
230 0.086642 0.673556 0.756098 0.190465 6.616320e+01 1.135045 8.004000e+02 7.772000e+02
240 0.086282 0.675468 0.749287 0.191133 6.864480e+01 1.222740 8.352000e+02 799
250 0.085891 0.679577 0.753083 0.192296 7.119840e+01 1.321686 870 8.172000e+02
260 0.085914 0.685724 0.755749 0.194245 7.394880e+01 1.421018 9.048000e+02 8.428000e+02
270 0.085762 0.689260 0.753854 0.195340 7.653120e+01 1.528986 9.396000e+02 8.626000e+02
280 0.085957 0.689712 0.750943 0.195375 7.951680e+01 1.662362 9.744000e+02 885
290 0.086592 0.691410 0.755300 0.195809 8.218560e+01 1.770624 1.009200e+03 9.082000e+02
300 0.087282 0.699744 0.761106 0.198276 8.488320e+01 1.872596 1044 9.272000e+02
310 0.086832 0.701622 0.759502 0.198825 8.751360e+01 1.999017 1.078800e+03 947
320 0.087083 0.705392 0.757696 0.199963 9.012960e+01 2.121209 1.113600e+03 967
330 0.087682 0.707649 0.761932 0.200720 9.264960e+01 2.235642 1.148400e+03 9.914000e+02
340 0.087207 0.706231 0.761486 0.200306 9.529440e+01 2.366489 1.183200e+03 1.011200e+03
350 0.086391 0.710632 0.762051 0.201605 9.776160e+01 2.489000 1218 1.031200e+03
360 0.086756 0.713097 0.760870 0.202329 1.006608e+02 2.635857 1.252800e+03 1.052200e+03
370 0.087111 0.719754 0.759327 0.204409 1.033056e+02 2.788695 1.287600e+03 1.073800e+03
380 0.087541 0.726085 0.760444 0.206374 1.061232e+02 2.941455 1.322400e+03 1.091600e+03
390 0.087439 0.731543 0.757356 0.207872 1.086432e+02 3.070351 1.357200e+03 1.112200e+03
400 0.087426 0.733324 0.760508 0.208171 1.111296e+02 3.217858 1392 1131
410 0.087450 0.737386 0.762176 0.209263 1.135200e+02 3.359508 1.426800e+03 1152
420 0.087340 0.738401 0.761057 0.209571 1.160400e+02 3.523799 1.461600e+03 1.174400e+03
430 0.087244 0.739826 0.760503 0.209843 1.184352e+02 3.670063 1.496400e+03 1.191200e+03
440 0.087714 0.742577 0.758446 0.210700 1.212384e+02 3.847765 1.531200e+03 1.210600e+03
450 0.087593 0.747827 0.756526 0.212170 1.239024e+02 4.019202 1566 1.231600e+03
460 0.087429 0.754201 0.759082 0.214067 1.264416e+02 4.183984 1.600800e+03 1.252800e+03
470 0.087505 0.756862 0.758393 0.214899 1.291008e+02 4.371458 1.635600e+03 1.274600e+03
480 0.087522 0.757778 0.757490 0.215134 1.316208e+02 4.538824 1.670400e+03 1295
490 0.087442 0.760653 0.755643 0.215963 1.341552e+02 4.709665 1.705200e+03 1.316200e+03
500 0.087463 0.767969 0.755266 0.217996 1.368048e+02 4.915919 1740 1.336200e+03
510 0.087285 0.768505 0.755181 0.218201 1.394160e+02 5.099203 1.774800e+03 1355
520 0.087420 0.772186 0.755277 0.219232 1.421568e+02 5.287602 1.809600e+03 1.376200e+03
530 0.087494 0.774586 0.753586 0.220044 1.444992e+02 5.475795 1.844400e+03 1.392800e+03
540 0.087265 0.776551 0.752926 0.220542 1.470480e+02 5.668207 1.879200e+03 1.411600e+03
550 0.087019 0.779523 0.752714 0.221425 1.495008e+02 5.868318 1914 1432
560 0.086746 0.782732 0.751395 0.222354 1.519872e+02 6.068086 1.948800e+03 1.451200e+03
570 0.087005 0.786528 0.751387 0.223370 1.545936e+02 6.283932 1.983600e+03 1.469800e+03
580 0.086974 0.786795 0.751668 0.223322 1.573008e+02 6.499375 2.018400e+03 1493
590 0.087356 0.790020 0.752279 0.224194 1.601328e+02 6.753284 2.053200e+03 1.513400e+03
600 0.087180 0.789228 0.751610 0.223980 1.627200e+02 6.979524 2088 1.532800e+03
