0 0.000000 0.000000 0.000000 0.000000 7.915200e+00 0.004133 0 3.372000e+02
10 0.024573 0.080871 0.133333 0.021053 1.214400e+01 0.013548 3.760000e+01 3.684000e+02
20 0.028091 0.080437 0.231111 0.021053 1.620000e+01 0.027821 7.520000e+01 396
30 0.071638 0.093741 0.404590 0.025877 2.020320e+01 0.045499 1.128000e+02 4.258000e+02
40 0.083941 0.115360 0.618710 0.031431 2.419200e+01 0.064472 1.504000e+02 455
50 0.073327 0.136359 0.601531 0.037908 2.844960e+01 0.090932 188 4.842000e+02
60 0.076235 0.160338 0.623189 0.044485 3.260640e+01 0.116560 2.256000e+02 5.152000e+02
70 0.077335 0.177471 0.620653 0.049502 3.670560e+01 0.147646 2.632000e+02 543
80 0.073193 0.185302 0.619538 0.051826 4.103520e+01 0.178128 3.008000e+02 5.724000e+02
90 0.068987 0.198067 0.622816 0.055358 4.472640e+01 0.211108 3.384000e+02 6.048000e+02
100 0.075671 0.224295 0.638960 0.062566 4.898400e+01 0.250567 376 6.312000e+02
110 0.076385 0.225728 0.644400 0.062889 5.321760e+01 0.288468 4.136000e+02 6.614000e+02
120 0.165119 0.241936 0.837780 0.067495 5.733600e+01 0.331956 4.512000e+02 6.914000e+02
130 0.153850 0.251026 0.833427 0.069929 6.124800e+01 0.373031 4.888000e+02 724
140 0.135616 0.271692 0.843865 0.075428 6.472800e+01 0.411923 5.264000e+02 748
150 0.129042 0.282925 0.839306 0.078461 6.853920e+01 0.450041 564 7.788000e+02
160 0.125023 0.292755 0.837128 0.081098 7.231680e+01 0.492611 6.016000e+02 8.098000e+02
170 0.122626 0.312023 0.848796 0.086312 7.592160e+01 0.531720 6.392000e+02 8.362000e+02
180 0.122210 0.328025 0.840735 0.090610 7.999200e+01 0.573661 6.768000e+02 8.716000e+02
190 0.122167 0.349734 0.844420 0.096302 8.366400e+01 0.617289 7.144000e+02 8.984000e+02
200 0.120458 0.361259 0.836944 0.099283 8.770080e+01 0.662744 752 9.306000e+02
210 0.116565 0.382134 0.833971 0.104712 9.167520e+01 0.707098 7.896000e+02 9.624000e+02
220 0.115787 0.393886 0.834547 0.107721 9.573120e+01 0.742842 8.272000e+02 993
230 0.114626 0.401984 0.829529 0.109840 9.980640e+01 0.793299 8.648000e+02 1025
240 0.116562 0.415243 0.825873 0.113325 1.035024e+02 0.838576 9.024000e+02 1.057400e+03
250 0.115242 0.424235 0.828764 0.115721 1.073376e+02 0.887017 940 1.087400e+03
260 0.113054 0.439463 0.828779 0.119684 1.115232e+02 0.937732 9.776000e+02 1.117200e+03
270 0.112605 0.448382 0.823472 0.122057 1.155264e+02 0.996031 1.015200e+03 1.146200e+03
280 0.111967 0.461662 0.826703 0.125472 1.197504e+02 1.045852 1.052800e+03 1.176600e+03
290 0.112324 0.473972 0.826607 0.128673 1.236864e+02 1.091494 1.090400e+03 1.206400e+03
300 0.111044 0.482896 0.832020 0.131066 1.272192e+02 1.147762 1128 1.238600e+03
310 0.109945 0.493777 0.828846 0.133846 1.311792e+02 1.202650 1.165600e+03 1.264200e+03
320 0.109974 0.507103 0.825221 0.137342 1.350816e+02 1.249749 1.203200e+03 1294
330 0.109833 0.520826 0.825760 0.140931 1.388592e+02 1.314196 1.240800e+03 1.322400e+03
340 0.109419 0.530809 0.824567 0.143566 1.423344e+02 1.356380 1.278400e+03 1354
350 0.109683 0.545325 0.819844 0.147387 1.464720e+02 1.406756 1316 1.392600e+03
360 0.108968 0.554662 0.818338 0.149828 1.501824e+02 1.473652 1.353600e+03 1.414600e+03
370 0.109605 0.567789 0.815180 0.153261 1.541040e+02 1.532029 1.391200e+03 1.440200e+03
380 0.109870 0.578102 0.813303 0.155999 1.579536e+02 1.587758 1.428800e+03 1.469600e+03
390 0.109361 0.588917 0.809550 0.158784 1.616064e+02 1.643708 1.466400e+03 1.497800e+03
400 0.109266 0.603178 0.806723 0.162567 1.652400e+02 1.707535 1504 1.525800e+03
410 0.108838 0.611433 0.803984 0.164695 1.687968e+02 1.768781 1.541600e+03 1555
420 0.108696 0.620217 0.803839 0.167013 1.723872e+02 1.814728 1.579200e+03 1.583400e+03
430 0.108657 0.631276 0.800249 0.169927 1.763184e+02 1.868140 1.616800e+03 1.607800e+03
440 0.107731 0.643847 0.800309 0.173107 1.794288e+02 1.926695 1.654400e+03 1632
450 0.107587 0.649976 0.796710 0.174667 1.831248e+02 1.987415 1692 1659
460 0.107640 0.661495 0.795268 0.177725 1.865328e+02 2.047649 1.729600e+03 1.683600e+03
470 0.107137 0.670844 0.796018 0.180185 1.901568e+02 2.117784 1.767200e+03 1.714200e+03
480 0.106587 0.683528 0.794266 0.183518 1.937376e+02 2.174577 1.804800e+03 1.743600e+03
490 0.106016 0.692446 0.793382 0.185858 1.971504e+02 2.230948 1.842400e+03 1766
500 0.105592 0.700571 0.791578 0.188013 2.005968e+02 2.285749 1880 1.792200e+03
510 0.105837 0.710792 0.788681 0.190780 2.041152e+02 2.335884 1.917600e+03 1.822200e+03
520 0.105687 0.718193 0.785900 0.192749 2.075376e+02 2.394969 1.955200e+03 1.852400e+03
530 0.105493 0.725847 0.783311 0.194691 2.110176e+02 2.455525 1.992800e+03 1.879400e+03
540 0.104761 0.733214 0.780796 0.196555 2.144064e+02 2.517144 2.030400e+03 1.909800e+03
550 0.104512 0.739839 0.780773 0.198334 2.180112e+02 2.571938 2068 1.936400e+03
560 0.104420 0.746956 0.779114 0.200223 2.216928e+02 2.637148 2.105600e+03 1960
570 0.104200 0.752473 0.779788 0.201686 2.250048e+02 2.710625 2.143200e+03 1.985600e+03
580 0.103753 0.756016 0.776733 0.202598 2.282496e+02 2.762136 2.180800e+03 2.007400e+03
590 0.103399 0.761854 0.775078 0.204140 2.317440e+02 2.832902 2.218400e+03 2.033200e+03
600 0.103464 0.768504 0.773341 0.205848 2.351904e+02 2.898355 2256 2.058200e+03
