0 0.000000 0.000000 0.000000 0.000000 8.620800e+00 0.004872 0 3.662000e+02
10 0.075616 0.290840 0.190000 0.069378 1.270560e+01 0.015701 4.280000e+01 3.966000e+02
20 0.111498 0.336093 0.530043 0.080196 1.703520e+01 0.033963 8.560000e+01 4.288000e+02
30 0.097395 0.337613 0.559198 0.081671 2.107200e+01 0.057023 1.284000e+02 4.652000e+02
40 0.108064 0.363307 0.590991 0.088134 2.532000e+01 0.092847 1.712000e+02 498
50 0.110951 0.391113 0.665459 0.095347 2.978400e+01 0.137185 214 5.366000e+02
60 0.103516 0.409272 0.700281 0.099620 3.419520e+01 0.191718 2.568000e+02 5.688000e+02
70 0.108757 0.424772 0.713782 0.103527 3.856800e+01 0.249247 2.996000e+02 6.008000e+02
80 0.109474 0.439456 0.719073 0.107136 4.298400e+01 0.323832 3.424000e+02 6.334000e+02
90 0.105426 0.441920 0.752056 0.107563 4.740960e+01 0.404074 3.852000e+02 6.628000e+02
100 0.105889 0.441744 0.752245 0.107323 5.154240e+01 0.485513 428 698
110 0.107028 0.468871 0.774949 0.113488 5.585280e+01 0.578388 4.708000e+02 7.274000e+02
120 0.111932 0.481602 0.801615 0.116187 6.000960e+01 0.664815 5.136000e+02 7.648000e+02
130 0.116993 0.506159 0.801091 0.122017 6.442560e+01 0.758633 5.564000e+02 803
140 0.117282 0.509991 0.800927 0.123096 6.874560e+01 0.862658 5.992000e+02 8.342000e+02
150 0.118695 0.524049 0.808034 0.126562 7.313760e+01 0.977717 642 8.674000e+02
160 0.120941 0.532555 0.806075 0.128461 7.713600e+01 1.090405 6.848000e+02 8.972000e+02
170 0.120553 0.542451 0.808559 0.130619 8.132640e+01 1.200744 7.276000e+02 9.294000e+02
180 0.118462 0.553443 0.814341 0.133253 8.546880e+01 1.316968 7.704000e+02 9.686000e+02
190 0.117836 0.574939 0.817868 0.138049 8.944800e+01 1.427642 8.132000e+02 9.998000e+02
200 0.115802 0.583151 0.815297 0.140020 9.344640e+01 1.560340 856 1.031200e+03
210 0.115459 0.600086 0.813792 0.144266 9.762720e+01 1.694475 8.988000e+02 1.062800e+03
220 0.115744 0.616490 0.815798 0.147973 1.018176e+02 1.833251 9.416000e+02 1.097800e+03
230 0.114509 0.630643 0.813300 0.151152 1.056960e+02 1.969715 9.844000e+02 1.127200e+03
240 0.113480 0.645148 0.811887 0.154483 1.098768e+02 2.131796 1.027200e+03 1.158800e+03
250 0.113644 0.659424 0.809684 0.157764 1.141296e+02 2.285655 1070 1.192400e+03
260 0.113494 0.677899 0.804250 0.162315 1.181568e+02 2.437946 1.112800e+03 1.223600e+03
270 0.113461 0.683191 0.805410 0.163676 1.223136e+02 2.578085 1.155600e+03 1257
280 0.113442 0.700282 0.809360 0.167808 1.261632e+02 2.711519 1.198400e+03 1.282800e+03
290 0.113403 0.718218 0.806635 0.171981 1.302864e+02 2.894564 1.241200e+03 1.314400e+03
300 0.113067 0.726219 0.802794 0.173968 1.345440e+02 3.085226 1284 1.342200e+03
310 0.112942 0.744815 0.800119 0.178376 1.385568e+02 3.246720 1.326800e+03 1.378400e+03
320 0.112389 0.754036 0.796546 0.180556 1.427328e+02 3.417257 1.369600e+03 1.411800e+03
330 0.112036 0.767995 0.793228 0.183864 1.469616e+02 3.596512 1.412400e+03 1.445800e+03
340 0.111786 0.784811 0.790577 0.187865 1.511376e+02 3.748355 1.455200e+03 1.487200e+03
350 0.111532 0.800913 0.789346 0.191724 1.550256e+02 3.887894 1498 1.517600e+03
360 0.110999 0.815259 0.784718 0.195168 1.587024e+02 4.064953 1.540800e+03 1.551200e+03
370 0.111070 0.827212 0.783541 0.198136 1.625904e+02 4.212289 1.583600e+03 1.582800e+03
380 0.111620 0.842904 0.781773 0.201917 1.664304e+02 4.373430 1.626400e+03 1.611800e+03
390 0.111542 0.858110 0.779546 0.205613 1.701936e+02 4.530106 1.669200e+03 1.634200e+03
400 0.111964 0.870273 0.775054 0.208574 1.742208e+02 4.716009 1712 1.668800e+03
410 0.111857 0.884229 0.772808 0.211891 1.782000e+02 4.889262 1.754800e+03 1.701600e+03
420 0.111758 0.893485 0.770276 0.214116 1.821168e+02 5.067575 1.797600e+03 1.730800e+03
430 0.111346 0.907754 0.767109 0.217522 1.859904e+02 5.199587 1.840400e+03 1.768400e+03
440 0.111000 0.921227 0.763746 0.220720 1.898016e+02 5.356266 1.883200e+03 1.803200e+03
450 0.110532 0.933651 0.761596 0.223618 1.935168e+02 5.522467 1926 1.833400e+03
460 0.110251 0.946896 0.760489 0.226891 1.972992e+02 5.693045 1.968800e+03 1857
470 0.109839 0.952616 0.757396 0.228286 2.007792e+02 5.866408 2.011600e+03 1.887400e+03
480 0.109550 0.961139 0.755717 0.230316 2.045472e+02 6.040021 2.054400e+03 1.917200e+03
490 0.109455 0.971808 0.754580 0.232822 2.083296e+02 6.224116 2.097200e+03 1.948800e+03
500 0.109545 0.982332 0.752820 0.235396 2.121744e+02 6.422822 2140 1978
510 0.109561 0.996441 0.754400 0.238684 2.158560e+02 6.639134 2.182800e+03 2.007600e+03
520 0.109091 1.006858 0.751748 0.241199 2.197632e+02 6.841690 2.225600e+03 2.041200e+03
530 0.108924 1.015085 0.750185 0.243147 2.234736e+02 7.047268 2.268400e+03 2.071200e+03
540 0.108818 1.025813 0.746817 0.245725 2.273376e+02 7.266496 2.311200e+03 2.096800e+03
550 0.108351 1.033735 0.744723 0.247632 2.308704e+02 7.475242 2354 2.122200e+03
560 0.108427 1.044585 0.742131 0.250248 2.346528e+02 7.684940 2.396800e+03 2.149600e+03
570 0.108507 1.053351 0.740672 0.252378 2.383632e+02 7.884759 2.439600e+03 2177
580 0.108505 1.067581 0.737750 0.255781 2.419968e+02 8.101339 2.482400e+03 2.199800e+03
590 0.108646 1.078266 0.735040 0.258364 2.460192e+02 8.329752 2.525200e+03 2.225400e+03
600 0.109082 1.087680 0.732372 0.260585 2.497824e+02 8.541375 2568 2.256800e+03
