0 0.000000 0.000000 0.000000 0.000000 6.705600e+00 0.003829 0 2.836000e+02
10 0.084767 1.132585 0.184103 0.283486 9.840000e+00 0.015775 40 315
20 0.084340 1.075715 0.344266 0.266999 1.290240e+01 0.035287 80 3.432000e+02
30 0.087651 1.135995 0.470521 0.284000 1.614240e+01 0.065532 120 3.704000e+02
40 0.086287 1.117363 0.485707 0.278650 1.929120e+01 0.103824 160 3.982000e+02
50 0.083827 1.114345 0.528469 0.278624 2.238240e+01 0.149378 200 4.276000e+02
60 0.082884 1.108281 0.548686 0.276368 2.544480e+01 0.202841 240 4.572000e+02
70 0.082001 1.127112 0.557589 0.281200 2.849760e+01 0.266384 280 4.856000e+02
80 0.081317 1.123938 0.567236 0.280435 3.143040e+01 0.338706 320 5.156000e+02
90 0.080603 1.136787 0.583973 0.283705 3.435360e+01 0.419410 360 5.444000e+02
100 0.079875 1.153164 0.597332 0.287995 3.727200e+01 0.505550 400 5.726000e+02
110 0.078879 1.153788 0.596450 0.288153 4.030080e+01 0.601442 440 602
120 0.079036 1.173976 0.608179 0.292799 4.334400e+01 0.715669 480 631
130 0.078572 1.173097 0.611523 0.292580 4.635840e+01 0.836829 520 665
140 0.077858 1.166568 0.608051 0.291041 4.919040e+01 0.952291 560 6.934000e+02
150 0.078042 1.177835 0.619928 0.293656 5.227680e+01 1.088628 600 7.202000e+02
160 0.078467 1.185748 0.623687 0.295638 5.542080e+01 1.240775 640 7.488000e+02
170 0.078707 1.191298 0.625490 0.297161 5.843040e+01 1.399754 680 777
180 0.077852 1.196226 0.621176 0.298209 6.115200e+01 1.554077 720 8.026000e+02
190 0.078145 1.202741 0.631250 0.299678 6.427680e+01 1.740104 760 8.314000e+02
200 0.077766 1.214613 0.626372 0.302523 6.742560e+01 1.942067 800 8.636000e+02
210 0.077449 1.225348 0.631791 0.305259 7.033920e+01 2.138638 840 8.896000e+02
220 0.077537 1.236023 0.638877 0.308055 7.344480e+01 2.371884 880 9.214000e+02
230 0.077711 1.243119 0.635540 0.309797 7.644960e+01 2.600911 920 949
240 0.077809 1.244687 0.637592 0.310209 7.942560e+01 2.821832 960 976
250 0.077593 1.250102 0.634727 0.311531 8.239680e+01 3.061782 1000 1.004200e+03
260 0.077520 1.255873 0.638062 0.313001 8.551680e+01 3.321495 1040 1.036200e+03
270 0.078051 1.272954 0.640354 0.317369 8.876640e+01 3.604867 1080 1.061200e+03
280 0.078083 1.287536 0.641108 0.321059 9.188640e+01 3.911137 1120 1.089800e+03
290 0.077752 1.292175 0.634699 0.322314 9.472320e+01 4.181606 1160 1.117800e+03
300 0.077550 1.299701 0.629887 0.323937 9.764640e+01 4.495525 1200 1.145400e+03
310 0.077736 1.306879 0.634694 0.325699 1.007136e+02 4.811514 1240 1.171200e+03
320 0.077922 1.312228 0.633708 0.327214 1.039200e+02 5.163949 1280 1.202800e+03
330 0.077932 1.316676 0.630613 0.328380 1.068288e+02 5.485143 1320 1.225400e+03
340 0.077780 1.326804 0.628658 0.330871 1.097664e+02 5.834881 1360 1.247800e+03
350 0.078071 1.339755 0.629616 0.334262 1.129968e+02 6.228540 1400 1.276800e+03
360 0.078054 1.345381 0.627401 0.335656 1.160400e+02 6.618123 1440 1305
370 0.077930 1.350031 0.624567 0.336963 1.189296e+02 6.990785 1480 1.330800e+03
380 0.077921 1.357734 0.623011 0.338940 1.219488e+02 7.404813 1520 1.359400e+03
390 0.077779 1.361843 0.621025 0.339902 1.247904e+02 7.799723 1560 1.385200e+03
400 0.077710 1.368848 0.620996 0.341761 1.277328e+02 8.237332 1600 1.410600e+03
410 0.077728 1.380343 0.621892 0.344716 1.308624e+02 8.699931 1640 1434
420 0.077580 1.384089 0.619537 0.345652 1.337616e+02 9.128775 1680 1.454400e+03
430 0.077647 1.384940 0.618538 0.345839 1.366560e+02 9.554586 1720 1.479400e+03
440 0.077621 1.390275 0.616129 0.347272 1.395696e+02 10.021847 1760 1.503400e+03
450 0.077622 1.394048 0.613376 0.348376 1.423920e+02 10.445220 1800 1.526200e+03
460 0.077504 1.398108 0.611355 0.349440 1.453248e+02 10.946715 1840 1.554400e+03
470 0.077501 1.404086 0.610372 0.350996 1.482720e+02 11.479213 1880 1.580800e+03
480 0.077668 1.411550 0.610195 0.352886 1.513632e+02 12.057765 1920 1.605200e+03
490 0.077472 1.411722 0.607276 0.352977 1.542240e+02 12.553075 1960 1.631200e+03
500 0.077545 1.418689 0.605508 0.354649 1.574208e+02 13.178489 2000 1663
510 0.077422 1.424157 0.608331 0.355975 1.605792e+02 13.791217 2040 1.695800e+03
520 0.077555 1.428745 0.607182 0.357242 1.636512e+02 14.374344 2080 1717
530 0.077600 1.434238 0.606135 0.358677 1.667616e+02 14.993045 2120 1.743800e+03
540 0.077624 1.441013 0.604049 0.360463 1.697904e+02 15.622500 2160 1.765600e+03
550 0.077590 1.444950 0.604669 0.361435 1.727424e+02 16.233220 2200 1.789800e+03
560 0.077615 1.449133 0.606405 0.362485 1.758096e+02 16.881555 2240 1.815400e+03
570 0.077584 1.453205 0.604881 0.363459 1.787568e+02 17.507587 2280 1.839400e+03
580 0.077628 1.457488 0.603123 0.364541 1.818384e+02 18.138530 2320 1864
590 0.077719 1.464659 0.608331 0.366411 1.850400e+02 18.924980 2360 1.886600e+03
600 0.077745 1.468876 0.605960 0.367517 1.881456e+02 19.631109 2400 1.913200e+03
