1 0.000000 0.000000 0.000000 0.000000 2.352000e+00 -0.000000 0 98
11 0.060850 0.201054 0.000000 0.050000 8.496000e+00 0.005437 40 222
21 0.060850 0.100197 0.000000 0.025000 1.276800e+01 0.020313 80 253
31 0.076281 0.133514 0.714286 0.033333 1.677600e+01 0.042078 120 288
41 0.078889 0.175157 0.774194 0.043750 2.193600e+01 0.077338 160 325
51 0.074947 0.180132 0.816327 0.045000 2.608800e+01 0.107669 200 352
61 0.114376 0.283572 0.839623 0.070833 3.050400e+01 0.148665 240 385
71 0.107725 0.271626 0.830357 0.067857 3.573600e+01 0.201196 280 411
81 0.108325 0.275183 0.833333 0.068750 4.041600e+01 0.261309 320 437
91 0.104448 0.289052 0.841463 0.072222 4.468800e+01 0.337701 360 465
101 0.099181 0.280070 0.831325 0.070000 4.905600e+01 0.416624 400 501
111 0.101260 0.318207 0.843750 0.079545 5.311200e+01 0.491748 440 525
121 0.102411 0.316802 0.837607 0.079167 5.810400e+01 0.608113 480 554
131 0.101863 0.323207 0.845018 0.080769 6.254400e+01 0.698669 520 585
141 0.111286 0.328689 0.850163 0.082143 6.741600e+01 0.819246 560 620
151 0.114724 0.333682 0.855908 0.083333 7.233600e+01 0.943985 600 649
161 0.110284 0.337586 0.850416 0.084375 7.648800e+01 1.064964 640 674
171 0.108593 0.353049 0.857820 0.088235 8.095200e+01 1.195620 680 715
181 0.109658 0.366747 0.859574 0.091667 8.527200e+01 1.308957 720 740
191 0.117055 0.389580 0.862963 0.097368 9.016800e+01 1.470478 760 766
201 0.115044 0.390071 0.858696 0.097500 9.376800e+01 1.577506 800 796
211 0.117020 0.395337 0.864600 0.098810 9.770400e+01 1.678883 840 825
221 0.115241 0.404618 0.864742 0.101136 1.021920e+02 1.838809 880 856
231 0.117053 0.413116 0.861718 0.103261 1.068000e+02 2.008328 920 882
241 0.115475 0.425091 0.864000 0.106250 1.108800e+02 2.143943 960 914
251 0.115303 0.424062 0.861438 0.106000 1.149360e+02 2.300257 1000 947
261 0.114349 0.430855 0.863747 0.107692 1.185600e+02 2.451989 1040 970
271 0.115565 0.444530 0.865772 0.111111 1.227360e+02 2.660125 1080 996
281 0.114188 0.435795 0.863839 0.108929 1.268880e+02 2.848314 1120 1024
291 0.114508 0.438007 0.865323 0.109483 1.316880e+02 3.084268 1160 1055
