1 0.000000 0.000000 0.000000 0.000000 2.352000e+00 -0.000000 0 98
11 0.000000 0.000000 0.000000 0.000000 4.800000e+00 0.000114 2 198
21 0.000000 0.000000 0.000000 0.000000 5.088000e+00 0.000503 4 206
31 0.000000 0.000000 0.000000 0.000000 5.376000e+00 0.001152 6 216
41 0.000000 0.000000 0.000000 0.000000 5.856000e+00 0.002316 8 234
51 0.000000 0.000000 0.000000 0.000000 5.928000e+00 0.003196 10 235
61 0.000000 0.000000 0.000000 0.000000 6.216000e+00 0.004302 12 235
71 0.000000 0.000000 0.000000 0.000000 6.480000e+00 0.005622 14 235
81 0.245800 0.012514 0.933333 0.062500 6.792000e+00 0.007671 16 237
91 0.245800 0.011122 0.933333 0.055556 6.984000e+00 0.009038 18 237
101 0.245800 0.010009 0.933333 0.050000 7.368000e+00 0.011397 20 237
111 0.245800 0.009098 0.933333 0.045455 7.824000e+00 0.014049 22 242
121 0.245800 0.008339 0.933333 0.041667 8.712000e+00 0.017701 24 242
131 0.245800 0.007697 0.933333 0.038462 9.048000e+00 0.020741 26 242
141 0.245800 0.007147 0.933333 0.035714 9.240000e+00 0.023910 28 245
151 0.245800 0.006670 0.933333 0.033333 9.408000e+00 0.026026 30 245
161 0.245800 0.006253 0.933333 0.031250 9.600000e+00 0.029560 32 251
171 0.245800 0.005885 0.933333 0.029412 9.648000e+00 0.031386 34 251
181 0.245800 0.005558 0.933333 0.027778 9.744000e+00 0.033479 36 251
191 0.245800 0.005266 0.933333 0.026316 9.888000e+00 0.037121 38 252
201 0.245800 0.005002 0.933333 0.025000 9.960000e+00 0.039382 40 252
211 0.245800 0.004764 0.933333 0.023810 1.008000e+01 0.042624 42 252
221 0.245800 0.004547 0.933333 0.022727 1.036800e+01 0.046049 44 253
231 0.245800 0.004349 0.933333 0.021739 1.044000e+01 0.048657 46 253
241 0.245800 0.004257 0.933333 0.020833 1.053600e+01 0.051345 48 254
251 0.245800 0.004001 0.933333 0.020000 1.068000e+01 0.054845 50 254
261 0.245800 0.003847 0.933333 0.019231 1.082400e+01 0.058540 52 254
271 0.245800 0.003705 0.933333 0.018519 1.130400e+01 0.064531 54 266
281 0.245800 0.003573 0.933333 0.017857 1.140000e+01 0.067808 56 266
291 0.245800 0.003449 0.933333 0.017241 1.176000e+01 0.073563 58 266
