1 0.000000 0.000000 0.000000 0.000000 2.352000e+00 -0.000000 0 98
11 0.107500 0.201711 0.500000 0.047619 8.496000e+00 0.003885 42 224
21 0.114388 0.200843 0.555556 0.047619 1.286400e+01 0.016631 84 251
31 0.105104 0.233996 0.611111 0.055556 1.596000e+01 0.027436 126 276
41 0.128366 0.275579 0.725000 0.065476 2.054400e+01 0.050526 168 318
51 0.128366 0.220382 0.725000 0.052381 2.503200e+01 0.083226 210 354
61 0.127402 0.216979 0.734694 0.051587 2.894400e+01 0.108472 252 382
71 0.132378 0.228823 0.794872 0.054422 3.271200e+01 0.141688 294 408
81 0.132378 0.200216 0.794872 0.047619 3.650400e+01 0.179735 336 438
91 0.132378 0.177947 0.794872 0.042328 4.135200e+01 0.240494 378 474
101 0.131734 0.170143 0.811111 0.040476 4.540800e+01 0.294696 420 507
111 0.126107 0.163765 0.816327 0.038961 4.924800e+01 0.352080 462 531
121 0.130937 0.158444 0.825688 0.037698 5.335200e+01 0.427502 504 563
131 0.129036 0.153946 0.841270 0.036630 5.836800e+01 0.531770 546 592
141 0.124394 0.150092 0.839695 0.035714 6.211200e+01 0.618123 588 618
151 0.124266 0.146749 0.842857 0.034921 6.636000e+01 0.706646 630 652
161 0.125339 0.150079 0.836735 0.035714 7.094400e+01 0.811487 672 691
171 0.125339 0.141247 0.836735 0.033613 7.576800e+01 0.932814 714 717
181 0.129186 0.144514 0.839506 0.034392 8.011200e+01 1.075254 756 747
191 0.127928 0.142168 0.845714 0.033835 8.548800e+01 1.191831 798 778
201 0.127928 0.135059 0.845714 0.032143 8.935200e+01 1.298762 840 804
211 0.124437 0.133388 0.845304 0.031746 9.393600e+01 1.466182 882 841
221 0.132616 0.136416 0.888060 0.032468 9.835200e+01 1.616813 924 872
231 0.137566 0.143531 0.909091 0.034161 1.030080e+02 1.786021 966 897
241 0.147586 0.154220 0.925553 0.036706 1.082160e+02 1.985072 1008 935
251 0.153839 0.164055 0.919608 0.039048 1.128960e+02 2.165055 1050 974
261 0.157548 0.180823 0.925868 0.043040 1.169760e+02 2.314112 1092 1009
271 0.152851 0.196359 0.929239 0.046737 1.208640e+02 2.461125 1134 1035
281 0.146949 0.203634 0.927389 0.048469 1.242240e+02 2.580590 1176 1062
291 0.146888 0.200059 0.926675 0.047619 1.276080e+02 2.708355 1218 1089
