1 0.000000 0.000000 0.000000 0.000000 2.352000e+00 -0.000000 0 98
11 0.000000 0.000000 0.000000 0.000000 4.944000e+00 0.000188 2 198
21 0.000000 0.000000 0.000000 0.000000 5.352000e+00 0.000848 4 200
31 0.000000 0.000000 0.000000 0.000000 5.880000e+00 0.002092 6 203
41 0.000000 0.000000 0.000000 0.000000 6.240000e+00 0.003038 8 205
51 0.000000 0.000000 0.000000 0.000000 6.792000e+00 0.005014 10 206
61 0.364300 0.016750 0.900000 0.083333 7.128000e+00 0.006498 12 210
71 0.364300 0.014347 0.900000 0.071429 7.416000e+00 0.008563 14 216
81 0.364300 0.012547 0.900000 0.062500 8.328000e+00 0.012974 16 218
91 0.364300 0.011148 0.900000 0.055556 8.568000e+00 0.015070 18 221
101 0.364300 0.010030 0.900000 0.050000 8.976000e+00 0.018566 20 226
111 0.364300 0.009116 0.900000 0.045455 9.336000e+00 0.022368 22 230
121 0.364300 0.008354 0.900000 0.041667 9.648000e+00 0.025320 24 233
131 0.364300 0.007710 0.900000 0.038462 1.008000e+01 0.028706 26 236
141 0.364300 0.007158 0.900000 0.035714 1.080000e+01 0.034482 28 242
151 0.364300 0.006680 0.900000 0.033333 1.164000e+01 0.041548 30 254
161 0.364300 0.006262 0.900000 0.031250 1.197600e+01 0.046096 32 257
171 0.364300 0.005893 0.900000 0.029412 1.228800e+01 0.051606 34 263
181 0.364300 0.005565 0.900000 0.027778 1.276800e+01 0.055837 36 266
191 0.364300 0.005271 0.900000 0.026316 1.334400e+01 0.062456 38 273
201 0.364300 0.005007 0.900000 0.025000 1.399200e+01 0.069055 40 277
211 0.364300 0.004769 0.900000 0.023810 1.478400e+01 0.076549 42 281
221 0.364300 0.004552 0.900000 0.022727 1.507200e+01 0.083571 44 287
231 0.364300 0.004353 0.900000 0.021739 1.540800e+01 0.090144 46 289
241 0.364300 0.004172 0.900000 0.020833 1.564800e+01 0.094069 48 291
251 0.364300 0.004005 0.900000 0.020000 1.624800e+01 0.103602 50 304
261 0.364300 0.003851 0.900000 0.019231 1.699200e+01 0.111322 52 306
271 0.364300 0.003708 0.900000 0.018519 1.728000e+01 0.116874 54 313
281 0.364300 0.003575 0.900000 0.017857 1.754400e+01 0.125564 56 314
291 0.364300 0.003452 0.900000 0.017241 18 0.137210 58 315
