1 0.000000 0.000000 0.000000 0.000000 2.328000e+00 0.000012 0 97
11 0.092725 0.108009 0.500000 0.500000 3.648000e+00 0.000147 2 147
21 0.092725 0.052095 0.500000 0.250000 3.840000e+00 0.000512 4 152
31 0.139050 0.068498 0.600000 0.333333 4.296000e+00 0.001659 6 160
41 0.139050 0.051025 0.600000 0.250000 4.536000e+00 0.002774 8 163
51 0.123450 0.060979 0.666667 0.300000 4.800000e+00 0.004157 10 168
61 0.123450 0.050679 0.666667 0.250000 4.968000e+00 0.005343 12 169
71 0.134565 0.072167 0.642857 0.357143 5.280000e+00 0.007503 14 170
81 0.148054 0.075761 0.600000 0.375000 5.664000e+00 0.009396 16 170
91 0.148054 0.067267 0.600000 0.333333 6.072000e+00 0.011646 18 178
101 0.148054 0.060485 0.600000 0.300000 6.240000e+00 0.014040 20 179
111 0.148054 0.054946 0.600000 0.272727 6.384000e+00 0.016504 22 180
121 0.144518 0.058681 0.708333 0.291667 6.624000e+00 0.019483 24 184
131 0.144518 0.054182 0.708333 0.269231 6.840000e+00 0.022586 26 184
141 0.145237 0.057423 0.714286 0.285714 7.032000e+00 0.026954 28 185
151 0.142481 0.060287 0.700000 0.300000 7.200000e+00 0.030790 30 186
161 0.155380 0.062721 0.687500 0.312500 7.584000e+00 0.036513 32 189
171 0.155380 0.059103 0.687500 0.294118 7.920000e+00 0.041890 34 199
181 0.149598 0.061385 0.685714 0.305556 8.112000e+00 0.045310 36 199
191 0.144787 0.063406 0.684211 0.315789 8.280000e+00 0.050546 38 201
201 0.144787 0.060242 0.684211 0.300000 8.520000e+00 0.056931 40 209
211 0.144787 0.057362 0.684211 0.285714 8.712000e+00 0.062347 42 210
221 0.144787 0.054745 0.684211 0.272727 8.880000e+00 0.066042 44 210
231 0.144787 0.052357 0.684211 0.260870 9.192000e+00 0.071158 46 210
241 0.144787 0.050168 0.684211 0.250000 9.480000e+00 0.078252 48 212
251 0.144787 0.048155 0.684211 0.240000 9.552000e+00 0.081995 50 212
261 0.139404 0.054001 0.730769 0.269231 9.888000e+00 0.092252 52 217
271 0.139404 0.052007 0.730769 0.259259 1.000800e+01 0.097265 54 217
281 0.136307 0.053714 0.732143 0.267857 1.017600e+01 0.102306 56 217
291 0.136307 0.051868 0.732143 0.258621 1.039200e+01 0.109425 58 218
