1 0.000000 0.000000 0.000000 0.000000 2.352000e+00 -0.000000 0 98
11 0.084961 1.123994 0.083333 0.261905 6.768000e+00 0.005373 42 176
21 0.095423 1.364503 0.386364 0.321429 1.022400e+01 0.023303 84 205
31 0.086527 1.376523 0.359375 0.325397 1.346400e+01 0.047304 126 236
41 0.079948 1.354241 0.357143 0.321429 1.692000e+01 0.082587 168 280
51 0.077943 1.284780 0.390476 0.304762 1.984800e+01 0.120270 210 304
61 0.076634 1.287949 0.429630 0.305556 2.323200e+01 0.173306 252 340
71 0.078973 1.260448 0.432258 0.299320 2.690400e+01 0.238408 294 375
81 0.077477 1.253337 0.425287 0.297619 2.990400e+01 0.309629 336 402
91 0.076675 1.269260 0.506494 0.301587 3.321600e+01 0.392750 378 439
101 0.076162 1.292348 0.490119 0.307143 3.643200e+01 0.502566 420 472
111 0.076790 1.302165 0.485612 0.309524 3.940800e+01 0.619873 462 500
121 0.076526 1.293979 0.511041 0.307540 4.284000e+01 0.749176 504 533
131 0.075685 1.294127 0.510204 0.307692 4.579200e+01 0.876023 546 559
141 0.076401 1.280263 0.537468 0.304422 4.898400e+01 1.010505 588 591
151 0.075632 1.274893 0.538647 0.303175 5.193600e+01 1.130261 630 616
161 0.074833 1.264185 0.544018 0.300595 5.452800e+01 1.268697 672 641
171 0.074163 1.259949 0.553236 0.299720 5.750400e+01 1.396253 714 668
181 0.073430 1.257049 0.550696 0.298942 6.024000e+01 1.551021 756 697
191 0.072106 1.259303 0.549057 0.299499 6.326400e+01 1.731597 798 728
201 0.071274 1.256348 0.539450 0.298810 6.614400e+01 1.892984 840 755
211 0.070595 1.258249 0.538462 0.299320 6.885600e+01 2.073272 882 776
221 0.070395 1.251223 0.538591 0.297619 7.159200e+01 2.227137 924 800
231 0.070139 1.248984 0.567119 0.297101 7.435200e+01 2.386033 966 822
241 0.069980 1.259304 0.575843 0.299603 7.732800e+01 2.603156 1008 849
251 0.070414 1.273089 0.584856 0.302857 8.076000e+01 2.868278 1050 881
261 0.069998 1.262577 0.582697 0.300366 8.376000e+01 3.050996 1092 903
271 0.070009 1.286202 0.580411 0.305996 8.714400e+01 3.384323 1134 931
281 0.070169 1.286697 0.584775 0.306122 9.026400e+01 3.651359 1176 965
291 0.070074 1.290601 0.583982 0.307061 9.326400e+01 3.911609 1218 991
