1 0.000000 0.000000 0.000000 0.000000 2.352000e+00 -0.000000 0 0
11 0.021195 0.010234 0.088889 0.010000 5.908800e+00 0.002226 10 1.570000e+01
21 0.028822 0.010115 0.085714 0.010000 7.394400e+00 0.010257 20 2.740000e+01
31 0.028822 0.006717 0.085714 0.006667 8.824800e+00 0.023395 30 4.140000e+01
41 0.028822 0.005029 0.085714 0.005000 1.007040e+01 0.041464 40 5.160000e+01
51 0.028822 0.004018 0.085714 0.004000 1.187280e+01 0.065342 50 6.510000e+01
61 0.028255 0.006692 0.093103 0.006667 1.341360e+01 0.095597 60 8.260000e+01
71 0.028255 0.005816 0.093103 0.005714 1.495200e+01 0.130550 70 1.024000e+02
81 0.028255 0.005014 0.093103 0.005000 1.659120e+01 0.172823 80 1.219000e+02
91 0.028255 0.004456 0.093103 0.004444 1.818000e+01 0.218221 90 1.343000e+02
101 0.028255 0.004009 0.093103 0.004000 1.966800e+01 0.268764 100 1.498000e+02
111 0.061600 0.004561 0.192169 0.004545 2.120640e+01 0.324843 110 1.627000e+02
121 0.061600 0.004180 0.192169 0.004167 2.271600e+01 0.388373 120 1.754000e+02
131 0.061600 0.003857 0.192169 0.003846 2.413440e+01 0.456731 130 190
141 0.061600 0.003581 0.192169 0.003571 2.580480e+01 0.529814 140 2.044000e+02
151 0.061600 0.003346 0.192169 0.003333 2.754720e+01 0.611857 150 2.292000e+02
161 0.061600 0.003132 0.192169 0.003125 2.914320e+01 0.699548 160 2.477000e+02
171 0.101227 0.003537 0.291570 0.003529 3.070560e+01 0.791518 170 2.595000e+02
181 0.144960 0.005009 0.394502 0.005000 3.240240e+01 0.888651 180 2.763000e+02
191 0.144960 0.004749 0.394502 0.004737 3.418320e+01 1.000144 190 2.891000e+02
