1 0.000000 0.000000 0.000000 0.000000 2.352000e+00 -0.000000 0 0
11 0.000000 0.000000 0.000000 0.000000 6.307200e+00 0.002738 10 29
21 0.065293 0.061876 0.136842 0.060000 8.366400e+00 0.013734 20 5.260000e+01
31 0.107595 0.068049 0.331034 0.066667 1.016160e+01 0.031542 30 7.380000e+01
41 0.156744 0.076158 0.320430 0.075000 1.184160e+01 0.054956 40 8.860000e+01
51 0.163931 0.080976 0.511556 0.080000 1.378080e+01 0.087501 50 1.042000e+02
61 0.196797 0.074080 0.509605 0.073333 1.549920e+01 0.122105 60 118
71 0.196664 0.066499 0.525478 0.065714 1.736160e+01 0.165668 70 1.412000e+02
81 0.192132 0.063490 0.524540 0.062500 1.932480e+01 0.216551 80 160
91 0.191907 0.058167 0.523128 0.057778 2.125440e+01 0.271537 90 1.734000e+02
101 0.188120 0.056341 0.523633 0.056000 2.296320e+01 0.330875 100 1.846000e+02
111 0.188855 0.056598 0.541161 0.056364 2.484960e+01 0.400276 110 2.014000e+02
121 0.188045 0.053604 0.541818 0.053333 2.645760e+01 0.471769 120 2.164000e+02
131 0.180035 0.055644 0.542876 0.055385 2.856000e+01 0.554552 130 232
141 0.189250 0.054521 0.541489 0.054286 3.058560e+01 0.648510 140 2.418000e+02
151 0.189193 0.052210 0.540928 0.052000 3.246240e+01 0.744605 150 2.574000e+02
161 0.189502 0.051444 0.540765 0.051250 3.425760e+01 0.847972 160 2.726000e+02
171 0.188731 0.051919 0.538456 0.051765 3.605760e+01 0.950445 170 2.846000e+02
181 0.189638 0.050119 0.546879 0.050000 3.781440e+01 1.068439 180 2.952000e+02
191 0.189638 0.047520 0.546879 0.047368 3.973920e+01 1.188628 190 3.116000e+02
