1 0.000000 0.000000 0.000000 0.000000 2.352000e+00 -0.000000 0 0
11 0.000000 0.000000 0.000000 0.000000 9.852000e+00 0.001062 10 1.816000e+02
21 0.000000 0.000000 0.000000 0.000000 1.552560e+01 0.003816 20 3.854000e+02
31 0.000000 0.000000 0.000000 0.000000 2.011920e+01 0.007997 30 5.446000e+02
41 0.036745 0.005044 0.192980 0.005000 2.410560e+01 0.014694 40 6.737000e+02
51 0.036745 0.004028 0.192980 0.004000 2.856720e+01 0.022758 50 8.225000e+02
61 0.036745 0.003353 0.192980 0.003333 3.297600e+01 0.033051 60 9.719000e+02
71 0.067215 0.004313 0.291393 0.004286 3.679440e+01 0.046010 70 1.097400e+03
81 0.067215 0.003770 0.291393 0.003750 4.043520e+01 0.060469 80 1.213700e+03
91 0.067215 0.003350 0.291393 0.003333 4.365840e+01 0.077060 90 1.319200e+03
101 0.067215 0.003013 0.291393 0.003000 4.690800e+01 0.093577 100 1.425600e+03
111 0.073517 0.003649 0.292880 0.003636 5.008080e+01 0.113883 110 1.525900e+03
121 0.073517 0.003344 0.292880 0.003333 5.324880e+01 0.135700 120 1.629500e+03
131 0.073517 0.003086 0.292880 0.003077 5.599200e+01 0.159468 130 1.717100e+03
141 0.073517 0.002865 0.292880 0.002857 5.858640e+01 0.183645 140 1.800500e+03
151 0.073517 0.002673 0.292880 0.002667 6.131520e+01 0.209835 150 1.885600e+03
161 0.073517 0.002506 0.292880 0.002500 6.380640e+01 0.234655 160 1.967400e+03
171 0.073517 0.002358 0.292880 0.002353 6.587280e+01 0.262859 170 2.029700e+03
181 0.073517 0.002227 0.292880 0.002222 6.822000e+01 0.294534 180 2102
191 0.073517 0.002110 0.292880 0.002105 7.055760e+01 0.326601 190 2.173300e+03
